task_id	hash	process	tag	name	status	exit	attempt	submit	start	complete	duration	realtime	cpus	memory	%cpu	rss	peak_rss	vmem	peak_vmem	rchar	wchar	read_bytes	write_bytes	workdir
1	22/862d33	RIBOFLOW:PREPROCESS:CUTADAPT_CLIP	GSM8325903.1	RIBOFLOW:PREPROCESS:CUTADAPT_CLIP (GSM8325903.1)	COMPLETED	0	1	1785387697460	1785387697479	1785387741672	44212	44158	4	2147483648	239.1	172249088	176201728	570044416	797597696	6642456586	6301504612	0	158724096	${NXF_WORK}/22/862d33d40dadc1283fae54ade79cbf
10	0c/125846	RIBOFLOW:PREPROCESS:CUTADAPT_CLIP	GSM8325911.1	RIBOFLOW:PREPROCESS:CUTADAPT_CLIP (GSM8325911.1)	COMPLETED	0	1	1785387697450	1785387697478	1785387777405	79955	79902	4	2147483648	239.4	164311040	194621440	565383168	796340224	11788588077	11237774916	0	287629312	${NXF_WORK}/0c/12584661cfaa06cfcdd0649da94208
7	52/dddc6d	RIBOFLOW:PREPROCESS:CUTADAPT_CLIP	GSM8325907.1	RIBOFLOW:PREPROCESS:CUTADAPT_CLIP (GSM8325907.1)	COMPLETED	0	1	1785387697456	1785387697478	1785387785284	87828	87776	4	2147483648	230.6	172855296	183230464	571834368	796786688	12366039717	11813783498	0	313135104	${NXF_WORK}/52/dddc6d7996f69390ab22b075a6e681
13	ce/a635f8	RIBOFLOW:WRITE_CORRESPONDENCE	-	RIBOFLOW:WRITE_CORRESPONDENCE (1)	COMPLETED	0	1	1785387785288	1785387785385	1785387785469	181	5	1	2147483648	79.5	0	0	0	0	90419	1802	0	4096	${NXF_WORK}/ce/a635f864624f9cf6094df6d2157ddc
3	5a/f5d361	RIBOFLOW:RNASEQ_PREPROCESS:CUTADAPT_CLIP_RNASEQ	GSM8325903.1	RIBOFLOW:RNASEQ_PREPROCESS:CUTADAPT_CLIP_RNASEQ (GSM8325903.1)	COMPLETED	0	1	1785387697434	1785387697475	1785387825963	128529	128473	4	2147483648	124.6	175484928	186036224	584200192	806297600	6711788052	6670498849	0	321474560	${NXF_WORK}/5a/f5d3615331a51714746ed117ab8ea0
8	58/9195d7	RIBOFLOW:RNASEQ_PREPROCESS:CUTADAPT_CLIP_RNASEQ	GSM8325911.1	RIBOFLOW:RNASEQ_PREPROCESS:CUTADAPT_CLIP_RNASEQ (GSM8325911.1)	COMPLETED	0	1	1785387741678	1785387741772	1785387898790	157112	157015	4	2147483648	125.2	181411840	187170816	586031104	806313984	8406331587	8355485665	0	394076160	${NXF_WORK}/58/9195d7f1a43b522c882f7e24bd57ad
14	b0/1979c9	RIBOFLOW:PREPROCESS:UMITOOLS_EXTRACT	GSM8325903.1	RIBOFLOW:PREPROCESS:UMITOOLS_EXTRACT (GSM8325903.1)	COMPLETED	0	1	1785387785292	1785387785386	1785387909223	123931	123875	1	2147483648	100.4	137158656	137158656	2506186752	2506186752	184576850	150129747	0	150167552	${NXF_WORK}/b0/1979c9032fe9a3c938485be4a49483
20	d3/490452	RIBOFLOW:PREPROCESS:BOWTIE2_FILTER	GSM8325903.1	RIBOFLOW:PREPROCESS:BOWTIE2_FILTER (GSM8325903.1)	COMPLETED	0	1	1785387909261	1785387909323	1785387935918	26657	26581	8	8589934592	775.1	947404800	947404800	7598551040	7611326464	4831277926	4000174901	0	216940544	${NXF_WORK}/d3/490452a473464affe649a2517fe8a8
21	23/72a62a	RIBOFLOW:TRANSCRIPTOME_ALIGN:BOWTIE2_TRANSCRIPTOME	GSM8325903.1	RIBOFLOW:TRANSCRIPTOME_ALIGN:BOWTIE2_TRANSCRIPTOME (GSM8325903.1)	COMPLETED	0	1	1785387935939	1785387936018	1785387955622	19683	19611	8	8589934592	562.2	628031488	628031488	7653675008	7683129344	2570330970	2085519864	0	105168896	${NXF_WORK}/23/72a62abecd4dc3b7bfd2ce951e87d0
23	11/c03ada	RIBOFLOW:TRANSCRIPTOME_ALIGN:SAMTOOLS_QPASS	GSM8325903.1	RIBOFLOW:TRANSCRIPTOME_ALIGN:SAMTOOLS_QPASS (GSM8325903.1)	COMPLETED	0	1	1785387956630	1785387956723	1785387957523	893	834	4	8589934592	332.6	22917120	22917120	34066432	34066432	113139564	31388892	0	31412224	${NXF_WORK}/11/c03ada23c530c38c461ac59a6ff2c6
16	a8/cbd7ab	RIBOFLOW:PREPROCESS:UMITOOLS_EXTRACT	GSM8325911.1	RIBOFLOW:PREPROCESS:UMITOOLS_EXTRACT (GSM8325911.1)	COMPLETED	0	1	1785387785296	1785387785386	1785388006068	220772	220718	1	2147483648	100.2	136814592	136814592	2507087872	2507087872	313482082	271885354	0	271958016	${NXF_WORK}/a8/cbd7aba4efe72dcc3075a5796edd79
5	3f/6152d4	RIBOFLOW:RNASEQ_PREPROCESS:CUTADAPT_CLIP_RNASEQ	GSM8325907.1	RIBOFLOW:RNASEQ_PREPROCESS:CUTADAPT_CLIP_RNASEQ (GSM8325907.1)	COMPLETED	0	1	1785387777410	1785387777505	1785388018907	241497	241446	4	2147483648	125.3	178102272	186540032	586420224	806248448	12717047191	12641106411	0	605683712	${NXF_WORK}/3f/6152d46b7bd9f88fd7f7d43bc82291
19	a2/b664c8	RIBOFLOW:PREPROCESS:UMITOOLS_EXTRACT	GSM8325907.1	RIBOFLOW:PREPROCESS:UMITOOLS_EXTRACT (GSM8325907.1)	COMPLETED	0	1	1785387785300	1785387785386	1785388025325	240025	239960	1	2147483648	100.2	137211904	137211904	2507067392	2507067392	338988656	296153574	0	296235008	${NXF_WORK}/a2/b664c8e0b22a55e85701bbd324202f
26	bf/6b74dc	RIBOFLOW:PREPROCESS:BOWTIE2_FILTER	GSM8325911.1	RIBOFLOW:PREPROCESS:BOWTIE2_FILTER (GSM8325911.1)	COMPLETED	0	1	1785388007075	1785388007169	1785388057311	50236	50158	8	8589934592	729.0	1656418304	1809367040	7699218432	7711993856	8802824784	7291329669	0	390656000	${NXF_WORK}/bf/6b74dcd312ddcb341b96e78f21ced4
27	70/7a93d9	RIBOFLOW:RNASEQ_PREPROCESS:BOWTIE2_FILTER_RNASEQ	GSM8325903.1	RIBOFLOW:RNASEQ_PREPROCESS:BOWTIE2_FILTER_RNASEQ (GSM8325903.1)	COMPLETED	0	1	1785388057317	1785388057411	1785388193729	136412	136344	8	8589934592	657.8	152428544	152428544	7480004608	7552688128	6166174355	6160067443	0	325492736	${NXF_WORK}/70/7a93d9f1d09389b707038e2c71497a
32	ce/309824	RIBOFLOW:RNASEQ_PREPROCESS:BOWTIE2_FILTER_RNASEQ	GSM8325907.1	RIBOFLOW:RNASEQ_PREPROCESS:BOWTIE2_FILTER_RNASEQ (GSM8325907.1)	COMPLETED	0	1	1785388025330	1785388025427	1785388285398	260068	259998	8	8589934592	657.5	148193280	148193280	7479197696	7546925056	11672505791	11674344684	0	617603072	${NXF_WORK}/ce/3098247287f9112194c41f00a0b776
33	64/000d65	RIBOFLOW:PREPROCESS:BOWTIE2_FILTER	GSM8325907.1	RIBOFLOW:PREPROCESS:BOWTIE2_FILTER (GSM8325907.1)	COMPLETED	0	1	1785388285402	1785388285498	1785388341893	56491	56420	8	8589934592	674.1	1763201024	1921613824	7699214336	7711989760	9529760566	7888582428	0	423620608	${NXF_WORK}/64/000d65265aae8acd9f35fde07e0db0
30	11/e32960	RIBOFLOW:RNASEQ_PREPROCESS:BOWTIE2_FILTER_RNASEQ	GSM8325911.1	RIBOFLOW:RNASEQ_PREPROCESS:BOWTIE2_FILTER_RNASEQ (GSM8325911.1)	COMPLETED	0	1	1785388193733	1785388193830	1785388362221	168488	168423	8	8589934592	644.7	145387520	145387520	7479730176	7549509632	7719340777	7716500102	0	401268736	${NXF_WORK}/11/e329603d49c36dd703c74218262c54
35	9b/0ca1a5	RIBOFLOW:TRANSCRIPTOME_ALIGN:BOWTIE2_TRANSCRIPTOME	GSM8325911.1	RIBOFLOW:TRANSCRIPTOME_ALIGN:BOWTIE2_TRANSCRIPTOME (GSM8325911.1)	COMPLETED	0	1	1785388341897	1785388341993	1785388379073	37176	37104	8	8589934592	505.8	868864000	868864000	7704252416	7716540416	4609856535	3804009153	0	185995264	${NXF_WORK}/9b/0ca1a5ae5460a4a73145b577be2f25
37	14/912052	RIBOFLOW:TRANSCRIPTOME_ALIGN:BOWTIE2_TRANSCRIPTOME	GSM8325907.1	RIBOFLOW:TRANSCRIPTOME_ALIGN:BOWTIE2_TRANSCRIPTOME (GSM8325907.1)	COMPLETED	0	1	1785388362228	1785388362321	1785388402786	40558	40483	8	8589934592	535.7	1072381952	1151418368	7704010752	7716298752	5257395421	4360238889	0	209825792	${NXF_WORK}/14/912052a9cbebe0fcea740a90a7a1ef
38	67/aa5725	RIBOFLOW:RNASEQ_TRANSCRIPTOME_ALIGN:BOWTIE2_TRANSCRIPTOME_RNASEQ	GSM8325903.1	RIBOFLOW:RNASEQ_TRANSCRIPTOME_ALIGN:BOWTIE2_TRANSCRIPTOME_RNASEQ (GSM8325903.1)	COMPLETED	0	1	1785388402794	1785388402887	1785388508269	105475	105407	8	8589934592	774.0	1894084608	1894084608	7734759424	7759884288	9359184903	7287429720	0	160636928	${NXF_WORK}/67/aa572514699346cf9ce9abe9586bac
42	f3/507e48	RIBOFLOW:RNASEQ_TRANSCRIPTOME_ALIGN:BOWTIE2_TRANSCRIPTOME_RNASEQ	GSM8325907.1	RIBOFLOW:RNASEQ_TRANSCRIPTOME_ALIGN:BOWTIE2_TRANSCRIPTOME_RNASEQ (GSM8325907.1)	COMPLETED	0	1	1785388379079	1785388379173	1785388576271	197192	197126	8	8589934592	784.1	3432574976	3480788992	7835430912	7860555776	17609296136	13762375090	0	280997888	${NXF_WORK}/f3/507e4894ca80295edb4e12a8adf2db
46	00/e98b60	RIBOFLOW:TRANSCRIPTOME_ALIGN:SAMTOOLS_QPASS	GSM8325911.1	RIBOFLOW:TRANSCRIPTOME_ALIGN:SAMTOOLS_QPASS (GSM8325911.1)	COMPLETED	0	1	1785388576275	1785388576371	1785388578150	1875	1817	4	8589934592	275.1	30158848	30158848	492335104	558526464	197280206	54269983	0	54312960	${NXF_WORK}/00/e98b60e6662ab5288be5af185da1d4
48	96/d9b16c	RIBOFLOW:TRANSCRIPTOME_ALIGN:SAMTOOLS_QPASS	GSM8325907.1	RIBOFLOW:TRANSCRIPTOME_ALIGN:SAMTOOLS_QPASS (GSM8325907.1)	COMPLETED	0	1	1785388576280	1785388576372	1785388578359	2079	2021	4	8589934592	295.4	30101504	30101504	492335104	557604864	231838504	63717266	0	63770624	${NXF_WORK}/96/d9b16ce43013c4ac4615589e63d872
50	21/f9249c	RIBOFLOW:RNASEQ_TRANSCRIPTOME_ALIGN:SAMTOOLS_QPASS	GSM8325903.1	RIBOFLOW:RNASEQ_TRANSCRIPTOME_ALIGN:SAMTOOLS_QPASS (GSM8325903.1)	COMPLETED	0	1	1785388578155	1785388578250	1785388582116	3961	3904	4	8589934592	287.6	30076928	30076928	492335104	492335104	349602174	96260614	0	96391168	${NXF_WORK}/21/f9249c6b71afdd639ab3f9162b96ef
52	90/092593	RIBOFLOW:TRANSCRIPTOME_ALIGN:SAMTOOLS_MERGE	GSM8325903	RIBOFLOW:TRANSCRIPTOME_ALIGN:SAMTOOLS_MERGE (GSM8325903)	COMPLETED	0	1	1785388582121	1785388582216	1785388583070	949	890	4	8589934592	278.6	37642240	37642240	50581504	50585600	60808858	31388682	0	31408128	${NXF_WORK}/90/092593ffed90388e2462ee7572a3b9
53	d1/dcd099	RIBOFLOW:TRANSCRIPTOME_ALIGN:SAMTOOLS_MERGE	GSM8325911	RIBOFLOW:TRANSCRIPTOME_ALIGN:SAMTOOLS_MERGE (GSM8325911)	COMPLETED	0	1	1785388583075	1785388583170	1785388584515	1440	1388	4	8589934592	319.9	45305856	45305856	433430528	433430528	106459921	54269773	0	54308864	${NXF_WORK}/d1/dcd099558e203b2f8a0111bbcc9bdf
51	dc/45ba8a	RIBOFLOW:RNASEQ_TRANSCRIPTOME_ALIGN:SAMTOOLS_QPASS	GSM8325907.1	RIBOFLOW:RNASEQ_TRANSCRIPTOME_ALIGN:SAMTOOLS_QPASS (GSM8325907.1)	COMPLETED	0	1	1785388578363	1785388578459	1785388585524	7161	7094	4	8589934592	289.3	30085120	30085120	492335104	557604864	601381980	162104302	0	162336768	${NXF_WORK}/dc/45ba8a654f73bf900f9bc022225be8
55	72/35c23c	RIBOFLOW:RNASEQ_TX_STATS:RNASEQ_TX_STATS_INDIVIDUAL	GSM8325903.1	RIBOFLOW:RNASEQ_TX_STATS:RNASEQ_TX_STATS_INDIVIDUAL (GSM8325903.1)	COMPLETED	0	1	1785388585531	1785388585624	1785388585661	130	17	1	2147483648	115.3	0	0	0	0	187766	3646	0	4096	${NXF_WORK}/72/35c23ced47ce56827c379add39289d
58	a6/3dc2f1	RIBOFLOW:RNASEQ_TX_STATS:RNASEQ_TX_STATS_INDIVIDUAL	GSM8325907.1	RIBOFLOW:RNASEQ_TX_STATS:RNASEQ_TX_STATS_INDIVIDUAL (GSM8325907.1)	COMPLETED	0	1	1785388585538	1785388585624	1785388585686	148	17	1	2147483648	103.8	0	0	0	0	187767	3649	0	4096	${NXF_WORK}/a6/3dc2f14d3c6145174904f4237a801e
54	bf/a3ba9a	RIBOFLOW:TRANSCRIPTOME_ALIGN:SAMTOOLS_MERGE	GSM8325907	RIBOFLOW:TRANSCRIPTOME_ALIGN:SAMTOOLS_MERGE (GSM8325907)	COMPLETED	0	1	1785388584519	1785388584615	1785388586202	1683	1627	4	8589934592	324.5	45268992	45268992	433430528	433430528	125338022	63717056	0	63762432	${NXF_WORK}/bf/a3ba9ab1af61fdf62278d7d0bab7e2
56	19/35ac3d	RIBOFLOW:TRANSCRIPTOME_ALIGN:UMICOLLAPSE_DEDUP	GSM8325903	RIBOFLOW:TRANSCRIPTOME_ALIGN:UMICOLLAPSE_DEDUP (GSM8325903)	COMPLETED	0	1	1785388585694	1785388585786	1785388595717	10023	9967	4	8589934592	181.6	1723879424	1731653632	17864642560	17864642560	138644623	76966870	0	77021184	${NXF_WORK}/19/35ac3d4e2aa65fa13b35bdf3db3eeb
57	a7/afb21c	RIBOFLOW:TRANSCRIPTOME_ALIGN:UMICOLLAPSE_DEDUP	GSM8325911	RIBOFLOW:TRANSCRIPTOME_ALIGN:UMICOLLAPSE_DEDUP (GSM8325911)	COMPLETED	0	1	1785388586207	1785388586302	1785388602445	16238	16183	4	8589934592	161.0	1957203968	1984942080	17998860288	17998860288	243367742	136093911	0	136155136	${NXF_WORK}/a7/afb21c1293bf317dd00a6cc3094e3b
60	47/1c66bd	RIBOFLOW:TRANSCRIPTOME_ALIGN:TX_MERGED_DEDUP_BED	GSM8325903.null	RIBOFLOW:TRANSCRIPTOME_ALIGN:TX_MERGED_DEDUP_BED (GSM8325903.null)	COMPLETED	0	1	1785388602449	1785388602545	1785388603744	1295	1247	1	2147483648	103.7	26710016	26710016	175284224	242528256	61697529	175836862	0	175837184	${NXF_WORK}/47/1c66bd52c934db01f475e092d5d85f
62	eb/bc379f	RIBOFLOW:TRANSCRIPTOME_ALIGN:TX_MERGED_DEDUP_BED	GSM8325911.null	RIBOFLOW:TRANSCRIPTOME_ALIGN:TX_MERGED_DEDUP_BED (GSM8325911.null)	COMPLETED	0	1	1785388603460	1785388603547	1785388605803	2343	2257	1	2147483648	102.1	26607616	26607616	175284224	242528256	107513345	324409460	0	324411392	${NXF_WORK}/eb/bc379ffca5180183aacd1d56b285b4
61	c3/89f9ca	RIBOFLOW:TRANSCRIPTOME_ALIGN:SPLIT_DEDUP_BAM	GSM8325903.1	RIBOFLOW:TRANSCRIPTOME_ALIGN:SPLIT_DEDUP_BAM (GSM8325903.1)	COMPLETED	0	1	1785388605807	1785388605903	1785388607807	2000	1932	4	8589934592	188.8	26607616	26607616	39542784	39542784	123833507	209208338	0	206213120	${NXF_WORK}/c3/89f9caefd864fd4419fdb3b0c0e124
63	5d/578275	RIBOFLOW:TRANSCRIPTOME_ALIGN:SPLIT_DEDUP_BAM	GSM8325911.1	RIBOFLOW:TRANSCRIPTOME_ALIGN:SPLIT_DEDUP_BAM (GSM8325911.1)	COMPLETED	0	1	1785388607812	1785388607907	1785388611078	3266	3200	4	8589934592	204.3	30556160	30556160	492335104	558522368	211886235	379551615	0	376573952	${NXF_WORK}/5d/57827598d90438b33aa6063ff4db81
64	8a/858247	RIBOFLOW:TRANSCRIPTOME_STATS:TX_STATS_INDIVIDUAL	GSM8325903.1	RIBOFLOW:TRANSCRIPTOME_STATS:TX_STATS_INDIVIDUAL (GSM8325903.1)	COMPLETED	0	1	1785388611083	1785388611178	1785388611199	116	17	1	2147483648	116.0	0	0	0	0	192545	3611	0	4096	${NXF_WORK}/8a/858247419eb5eab38dd99173de0158
65	74/f296ef	RIBOFLOW:TRANSCRIPTOME_STATS:TX_STATS_INDIVIDUAL	GSM8325911.1	RIBOFLOW:TRANSCRIPTOME_STATS:TX_STATS_INDIVIDUAL (GSM8325911.1)	COMPLETED	0	1	1785388611095	1785388611179	1785388611215	120	17	1	2147483648	116.7	0	0	0	0	192689	3615	0	4096	${NXF_WORK}/74/f296efd8e15b4929bf5d70fc1ed5d1
59	ff/fedbb9	RIBOFLOW:TRANSCRIPTOME_ALIGN:UMICOLLAPSE_DEDUP	GSM8325907	RIBOFLOW:TRANSCRIPTOME_ALIGN:UMICOLLAPSE_DEDUP (GSM8325907)	COMPLETED	0	1	1785388595721	1785388595817	1785388614481	18760	18707	4	8589934592	161.1	1908330496	1918398464	17998860288	17998860288	287445578	161301572	0	161345536	${NXF_WORK}/ff/fedbb9778c0752b06f793d1f398d63
66	cc/24a9b4	RIBOFLOW:TRANSCRIPTOME_ALIGN:TX_MERGED_DEDUP_BED	GSM8325907.null	RIBOFLOW:TRANSCRIPTOME_ALIGN:TX_MERGED_DEDUP_BED (GSM8325907.null)	COMPLETED	0	1	1785388615485	1785388615582	1785388618146	2661	2606	1	2147483648	104.2	26750976	26750976	175284224	242528256	126846051	391549040	0	391548928	${NXF_WORK}/cc/24a9b4476192c31d21377f10cd1b57
67	2d/f2aa27	RIBOFLOW:TRANSCRIPTOME_ALIGN:SPLIT_DEDUP_BAM	GSM8325907.1	RIBOFLOW:TRANSCRIPTOME_ALIGN:SPLIT_DEDUP_BAM (GSM8325907.1)	COMPLETED	0	1	1785388615491	1785388615583	1785388619361	3870	3807	4	8589934592	205.2	30281728	30281728	492335104	559443968	249047143	455864468	0	452894720	${NXF_WORK}/2d/f2aa274f286632fc66f7d4ebaeb5d6
43	9c/b6be08	RIBOFLOW:RNASEQ_TRANSCRIPTOME_ALIGN:BOWTIE2_TRANSCRIPTOME_RNASEQ	GSM8325911.1	RIBOFLOW:RNASEQ_TRANSCRIPTOME_ALIGN:BOWTIE2_TRANSCRIPTOME_RNASEQ (GSM8325911.1)	COMPLETED	0	1	1785388508275	1785388508369	1785388634537	126262	126196	8	8589934592	802.7	2338947072	2350395392	7835422720	7860547584	11753076789	9177449561	0	192212992	${NXF_WORK}/9c/b6be08e30a56af331a700775fa6e2b
71	9e/0733ca	RIBOFLOW:TRANSCRIPTOME_STATS:TX_STATS_INDIVIDUAL	GSM8325907.1	RIBOFLOW:TRANSCRIPTOME_STATS:TX_STATS_INDIVIDUAL (GSM8325907.1)	COMPLETED	0	1	1785388634547	1785388634638	1785388634654	107	16	1	2147483648	86.8	0	0	0	0	192657	3613	0	4096	${NXF_WORK}/9e/0733ca4f9e1692076907ffe40bbf10
72	42/2b89d4	RIBOFLOW:RNASEQ_TRANSCRIPTOME_ALIGN:SAMTOOLS_QPASS	GSM8325911.1	RIBOFLOW:RNASEQ_TRANSCRIPTOME_ALIGN:SAMTOOLS_QPASS (GSM8325911.1)	COMPLETED	0	1	1785388634657	1785388634754	1785388638638	3981	3927	4	8589934592	366.3	30085120	30085120	492335104	558526464	422401874	116909890	0	117075968	${NXF_WORK}/42/2b89d4807f74e9e3e45a1b615b39b6
73	53/d27988	RIBOFLOW:TRANSCRIPTOME_STATS:TX_STATS_SUM	GSM8325903	RIBOFLOW:TRANSCRIPTOME_STATS:TX_STATS_SUM (GSM8325903)	COMPLETED	0	1	1785388638645	1785388638740	1785388638994	349	285	1	2147483648	98.7	48664576	48664576	250929152	250929152	22225652	1831	0	4096	${NXF_WORK}/53/d27988d6b54d71539d93944f9bfb3a
75	0c/a63f10	RIBOFLOW:TRANSCRIPTOME_STATS:TX_STATS_SUM	GSM8325907	RIBOFLOW:TRANSCRIPTOME_STATS:TX_STATS_SUM (GSM8325907)	COMPLETED	0	1	1785388638653	1785388638740	1785388639047	394	325	1	2147483648	97.6	47767552	47767552	249434112	249450496	22225661	1835	0	4096	${NXF_WORK}/0c/a63f1002813192bd6204df69c44fe5
74	0e/077d5d	RIBOFLOW:TRANSCRIPTOME_STATS:TX_STATS_SUM	GSM8325911	RIBOFLOW:TRANSCRIPTOME_STATS:TX_STATS_SUM (GSM8325911)	COMPLETED	0	1	1785388638658	1785388638740	1785388639062	404	330	1	2147483648	93.0	46276608	46276608	248475648	248475648	22225657	1835	0	4096	${NXF_WORK}/0e/077d5d17bf3676d5e114bdef28d34e
77	65/5f1c12	RIBOFLOW:RNASEQ_TX_STATS:RNASEQ_TX_STATS_INDIVIDUAL	GSM8325911.1	RIBOFLOW:RNASEQ_TX_STATS:RNASEQ_TX_STATS_INDIVIDUAL (GSM8325911.1)	COMPLETED	0	1	1785388638999	1785388639047	1785388639118	119	17	1	2147483648	75.1	0	0	0	0	187761	3644	0	4096	${NXF_WORK}/65/5f1c12c727e3fd516e70dfb8afe8c5
76	5a/7c71b5	RIBOFLOW:TRANSCRIPTOME_STATS:TX_COMBINE_INDIVIDUAL	-	RIBOFLOW:TRANSCRIPTOME_STATS:TX_COMBINE_INDIVIDUAL	COMPLETED	0	1	1785388638642	1785388638739	1785388639310	668	602	1	2147483648	99.7	41082880	41082880	238235648	238235648	44366467	3185	0	8192	${NXF_WORK}/5a/7c71b5f06efb1510eeb73891315df8
83	05/77f72c	RIBOFLOW:RNASEQ_TX_STATS:RNASEQ_TX_STATS_SUM	GSM8325903	RIBOFLOW:RNASEQ_TX_STATS:RNASEQ_TX_STATS_SUM (GSM8325903)	COMPLETED	0	1	1785388639135	1785388639222	1785388639504	369	308	1	2147483648	97.9	47173632	47173632	249163776	249180160	22225667	1845	0	4096	${NXF_WORK}/05/77f72c30695422a741605b2ccbbac0
84	03/ac6032	RIBOFLOW:RNASEQ_TX_STATS:RNASEQ_TX_STATS_SUM	GSM8325907	RIBOFLOW:RNASEQ_TX_STATS:RNASEQ_TX_STATS_SUM (GSM8325907)	COMPLETED	0	1	1785388639313	1785388639410	1785388639649	336	279	1	2147483648	101.1	36368384	36368384	235368448	235368448	22225670	1850	0	4096	${NXF_WORK}/03/ac6032e45cd54fa41d4560dc214fd3
82	5c/a7211d	RIBOFLOW:RNASEQ_TX_STATS:RNASEQ_TX_COMBINE_INDIVIDUAL	-	RIBOFLOW:RNASEQ_TX_STATS:RNASEQ_TX_COMBINE_INDIVIDUAL	COMPLETED	0	1	1785388639132	1785388639222	1785388639792	660	603	1	2147483648	98.1	47284224	47284224	249167872	249184256	44366517	3214	0	8192	${NXF_WORK}/5c/a7211dbb22eb5bf266ac09f24d04be
81	65/b0ab2e	RIBOFLOW:TRANSCRIPTOME_STATS:TX_COMBINE_MERGED	-	RIBOFLOW:TRANSCRIPTOME_STATS:TX_COMBINE_MERGED	COMPLETED	0	1	1785388639121	1785388639221	1785388639811	690	630	1	2147483648	98.5	47599616	47599616	249163776	249180160	44366422	3143	0	8192	${NXF_WORK}/65/b0ab2ee84d009ba5ef2690dd8f4c67
85	d8/da2729	RIBOFLOW:RNASEQ_TX_STATS:RNASEQ_TX_STATS_SUM	GSM8325911	RIBOFLOW:RNASEQ_TX_STATS:RNASEQ_TX_STATS_SUM (GSM8325911)	COMPLETED	0	1	1785388639509	1785388639604	1785388639868	359	306	1	2147483648	102.1	41562112	41562112	238235648	238235648	22225673	1847	0	4096	${NXF_WORK}/d8/da27291a8f7be95bfd40a0a6e925db
79	b3/5aa2f7	RIBOFLOW:RNASEQ_TRANSCRIPTOME_ALIGN:SAMTOOLS_MERGE	GSM8325907	RIBOFLOW:RNASEQ_TRANSCRIPTOME_ALIGN:SAMTOOLS_MERGE (GSM8325907)	COMPLETED	0	1	1785388639871	1785388639968	1785388644903	5032	4980	4	8589934592	362.1	45219840	45219840	433430528	433430528	321977304	162104012	0	162332672	${NXF_WORK}/b3/5aa2f7a9899aa211b1e8da42086ad6
78	b8/44e6d6	RIBOFLOW:RNASEQ_TRANSCRIPTOME_ALIGN:SAMTOOLS_MERGE	GSM8325903	RIBOFLOW:RNASEQ_TRANSCRIPTOME_ALIGN:SAMTOOLS_MERGE (GSM8325903)	COMPLETED	0	1	1785388644906	1785388645003	1785388647757	2851	2802	4	8589934592	348.5	45158400	45158400	433430528	433430528	190361307	96260321	0	96387072	${NXF_WORK}/b8/44e6d62d031dc16fe0d96a67072a0d
80	82/5e3d53	RIBOFLOW:RNASEQ_TRANSCRIPTOME_ALIGN:SAMTOOLS_MERGE	GSM8325911	RIBOFLOW:RNASEQ_TRANSCRIPTOME_ALIGN:SAMTOOLS_MERGE (GSM8325911)	COMPLETED	0	1	1785388647761	1785388647857	1785388651790	4029	3983	4	8589934592	311.6	45129728	45129728	433430528	433430528	231645941	116909599	0	117071872	${NXF_WORK}/82/5e3d5314289b8a500a6fde0e0b756f
86	c1/65be66	RIBOFLOW:TRANSCRIPTOME_STATS:TX_STATS_PUBLISH	-	RIBOFLOW:TRANSCRIPTOME_STATS:TX_STATS_PUBLISH	COMPLETED	0	1	1785388651803	1785388651890	1785388652000	197	11	1	2147483648	38.8	0	0	0	0	97790	3394	0	8192	${NXF_WORK}/c1/65be660f7a2ef1255c62611157e900
87	5f/a9fd90	RIBOFLOW:RNASEQ_TX_STATS:RNASEQ_TX_COMBINE_MERGED	-	RIBOFLOW:RNASEQ_TX_STATS:RNASEQ_TX_COMBINE_MERGED	COMPLETED	0	1	1785388651806	1785388651891	1785388652496	690	623	1	2147483648	97.7	52527104	52527104	256716800	256716800	44366468	3172	0	8192	${NXF_WORK}/5f/a9fd904b5b6ef3e5118eca0cfc9a8a
91	3a/ca791a	RIBOFLOW:RNASEQ_TX_STATS:RNASEQ_TX_STATS_PUBLISH	-	RIBOFLOW:RNASEQ_TX_STATS:RNASEQ_TX_STATS_PUBLISH	COMPLETED	0	1	1785388653503	1785388653599	1785388653610	107	7	1	2147483648	71.9	0	0	0	0	97795	3392	0	8192	${NXF_WORK}/3a/ca791a9a323518ca5b101fa25354af
89	a4/6e86db	RIBOFLOW:RNASEQ_TRANSCRIPTOME_ALIGN:RNASEQ_TX_MERGED_QPASS_BED	GSM8325903.null	RIBOFLOW:RNASEQ_TRANSCRIPTOME_ALIGN:RNASEQ_TX_MERGED_QPASS_BED (GSM8325903.null)	COMPLETED	0	1	1785388651818	1785388651891	1785388657222	5404	5333	1	2147483648	100.8	26615808	26615808	175280128	242524160	190367807	514716609	0	514715648	${NXF_WORK}/a4/6e86db0f561678a9d926a72aaff18d
90	a3/edbb8b	RIBOFLOW:RNASEQ_TRANSCRIPTOME_ALIGN:RNASEQ_TX_MERGED_QPASS_BED	GSM8325911.null	RIBOFLOW:RNASEQ_TRANSCRIPTOME_ALIGN:RNASEQ_TX_MERGED_QPASS_BED (GSM8325911.null)	COMPLETED	0	1	1785388652006	1785388652100	1785388658761	6755	6687	1	2147483648	101.5	26718208	26718208	175280128	242524160	231652443	665606806	0	665608192	${NXF_WORK}/a3/edbb8bb963e55e148c9e095c92934f
88	9f/dbf242	RIBOFLOW:RNASEQ_TRANSCRIPTOME_ALIGN:RNASEQ_TX_MERGED_QPASS_BED	GSM8325907.null	RIBOFLOW:RNASEQ_TRANSCRIPTOME_ALIGN:RNASEQ_TX_MERGED_QPASS_BED (GSM8325907.null)	COMPLETED	0	1	1785388651809	1785388651891	1785388661663	9854	9787	1	2147483648	100.2	26669056	26669056	175280128	242524160	321983808	959915626	0	959918080	${NXF_WORK}/9f/dbf242049e30e278c13c5190672a0c
68	55/9fa1a4	RIBOFLOW:TRANSCRIPTOME_ALIGN:RIBOPY_CREATE	GSM8325903	RIBOFLOW:TRANSCRIPTOME_ALIGN:RIBOPY_CREATE (GSM8325903)	COMPLETED	0	1	1785388619151	1785388619247	1785388727922	108771	108706	4	17179869184	269.5	8998322176	9486032896	11325231104	13171851264	5177294117	4960971522	0	361443328	${NXF_WORK}/55/9fa1a4b84fa6382501f0a545c2764b
70	b0/cb35ab	RIBOFLOW:TRANSCRIPTOME_ALIGN:RIBOPY_CREATE	GSM8325907	RIBOFLOW:TRANSCRIPTOME_ALIGN:RIBOPY_CREATE (GSM8325907)	COMPLETED	0	1	1785388619364	1785388619461	1785388730163	110799	110750	4	17179869184	264.4	8999211008	9475358720	11308867584	13156536320	5824430620	5394918903	0	796884992	${NXF_WORK}/b0/cb35ab6114f5ecb0d89c581a313151
92	58/3f4095	RIBOFLOW:RIBOPY_RNASEQ_SET	GSM8325903	RIBOFLOW:RIBOPY_RNASEQ_SET (GSM8325903)	COMPLETED	0	1	1785388728927	1785388729024	1785388739049	10122	10065	4	4294967296	102.8	313307136	313307136	958689280	958689280	1073285716	524490600	0	524509184	${NXF_WORK}/58/3f40954253a6185aef4869bf83579e
69	2f/778047	RIBOFLOW:TRANSCRIPTOME_ALIGN:RIBOPY_CREATE	GSM8325911	RIBOFLOW:TRANSCRIPTOME_ALIGN:RIBOPY_CREATE (GSM8325911)	COMPLETED	0	1	1785388634541	1785388634637	1785388743654	109113	109058	4	17179869184	266.4	8997974016	9473282048	11303620608	13219446784	5623011900	5259943048	0	661262336	${NXF_WORK}/2f/778047d61422dc0d3960c78bb0654b
93	21/80bd81	RIBOFLOW:RIBOPY_RNASEQ_SET	GSM8325907	RIBOFLOW:RIBOPY_RNASEQ_SET (GSM8325907)	COMPLETED	0	1	1785388731166	1785388731265	1785388748890	17724	17669	4	4294967296	101.6	301244416	301244416	947347456	947347456	1966206837	972223623	0	972226560	${NXF_WORK}/21/80bd813d763f6e0d2c6bef7625a0c7
94	14/b7719e	RIBOFLOW:RIBOPY_RNASEQ_SET	GSM8325911	RIBOFLOW:RIBOPY_RNASEQ_SET (GSM8325911)	COMPLETED	0	1	1785388744659	1785388744755	1785388757411	12752	12692	4	4294967296	102.2	301068288	301068288	947367936	947367936	1376892399	677210957	0	677224448	${NXF_WORK}/14/b7719e08b5c69d3d45c61c58027fcb
22	22/a21dea	RIBOFLOW:GENOME_ALIGN:STAR_ALIGN	GSM8325903.1	RIBOFLOW:GENOME_ALIGN:STAR_ALIGN (GSM8325903.1)	COMPLETED	0	1	1785388757416	1785388757511	1785388815827	58411	58333	16	51539607552	377.4	31390769152	31437787136	32619335680	32686444544	31419970507	1645078993	0	1255276544	${NXF_WORK}/22/a21dea7bf2b90c223346577b5114ef
34	84/63b732	RIBOFLOW:GENOME_ALIGN:STAR_ALIGN	GSM8325911.1	RIBOFLOW:GENOME_ALIGN:STAR_ALIGN (GSM8325911.1)	COMPLETED	0	1	1785388815830	1785388815927	1785388907370	91540	91468	16	51539607552	429.4	31703007232	31749611520	32943570944	32992571392	33223057259	3001019239	0	2283999232	${NXF_WORK}/84/63b7325a7bdab93304f10b81043f50
36	a2/8e9584	RIBOFLOW:GENOME_ALIGN:STAR_ALIGN	GSM8325907.1	RIBOFLOW:GENOME_ALIGN:STAR_ALIGN (GSM8325907.1)	COMPLETED	0	1	1785388907375	1785388907471	1785389002580	95205	95133	16	51539607552	459.2	31706132480	31779635200	32894570496	32992571392	33639293050	3298911521	0	2498527232	${NXF_WORK}/a2/8e958499609557ab9c5d826258e55c
39	23/be1ec6	RIBOFLOW:RNASEQ_GENOME_ALIGN:STAR_ALIGN_RNASEQ	GSM8325903.1	RIBOFLOW:RNASEQ_GENOME_ALIGN:STAR_ALIGN_RNASEQ (GSM8325903.1)	COMPLETED	0	1	1785389002585	1785389002680	1785389078244	75659	75587	16	51539607552	342.3	32162680832	32234520576	33373396992	33391415296	35979827546	4456016784	0	2712338432	${NXF_WORK}/23/be1ec65b43fcb18e7108c35dde1026
41	0e/ac6e3b	RIBOFLOW:RNASEQ_GENOME_ALIGN:STAR_ALIGN_RNASEQ	GSM8325911.1	RIBOFLOW:RNASEQ_GENOME_ALIGN:STAR_ALIGN_RNASEQ (GSM8325911.1)	COMPLETED	0	1	1785389078249	1785389078345	1785389163878	85629	85561	16	51539607552	360.5	32201560064	32254119936	33324392448	33391415296	37632601226	5543798320	0	3348426752	${NXF_WORK}/0e/ac6e3b8b03e3335c1d275c0e553323
40	4c/ffeb6c	RIBOFLOW:RNASEQ_GENOME_ALIGN:STAR_ALIGN_RNASEQ	GSM8325907.1	RIBOFLOW:RNASEQ_GENOME_ALIGN:STAR_ALIGN_RNASEQ (GSM8325907.1)	COMPLETED	0	1	1785389163881	1785389163978	1785389279560	115679	115609	16	51539607552	403.5	32124604416	32301940736	33324400640	33391415296	41915777516	8366437266	0	5050265600	${NXF_WORK}/4c/ffeb6c5849782792a459e970c4465c
95	14/a85b76	RIBOFLOW:RIBOPY_MERGE	all	RIBOFLOW:RIBOPY_MERGE (all)	COMPLETED	0	1	1785389279563	1785389279659	1785389280592	1029	978	4	4294967296	127.2	39673856	39673856	664461312	664461312	68466560	31362380	0	31358976	${NXF_WORK}/14/a85b767121e203e734d02e45659a36
96	83/19cb59	RIBOFLOW:GENOME_ALIGN:SAMTOOLS_QPASS	GSM8325903.1	RIBOFLOW:GENOME_ALIGN:SAMTOOLS_QPASS (GSM8325903.1)	COMPLETED	0	1	1785389279568	1785389279660	1785389281099	1531	1468	4	8589934592	319.5	11898880	11898880	475918336	541184000	317036270	42498009	0	42545152	${NXF_WORK}/83/19cb59beeb91480e6952b39bf0c508
99	53/ad486b	RIBOFLOW:GENOME_ALIGN:SAMTOOLS_QPASS	GSM8325911.1	RIBOFLOW:GENOME_ALIGN:SAMTOOLS_QPASS (GSM8325911.1)	COMPLETED	0	1	1785389279571	1785389279660	1785389282214	2643	2578	4	8589934592	332.8	12013568	12013568	475918336	541184000	572139309	75488334	0	75558912	${NXF_WORK}/53/ad486b4d46953220dfaf74667ec9fd
104	e0/2c36cb	RIBOFLOW:GENOME_ALIGN:SAMTOOLS_QPASS	GSM8325907.1	RIBOFLOW:GENOME_ALIGN:SAMTOOLS_QPASS (GSM8325907.1)	COMPLETED	0	1	1785389279575	1785389279660	1785389282643	3068	3008	4	8589934592	326.9	12013568	12013568	475918336	542105600	656097388	87506601	0	87584768	${NXF_WORK}/e0/2c36cb8154df3ce1823b243c75dd6d
108	d6/8256c0	RIBOFLOW:GENOME_ALIGN:BAM_TO_BED	GSM8325903.1	RIBOFLOW:GENOME_ALIGN:BAM_TO_BED (GSM8325903.1)	COMPLETED	0	1	1785389282646	1785389282744	1785389284298	1652	1601	1	2147483648	97.9	10297344	10297344	169005056	236249088	80714058	81283306	0	81285120	${NXF_WORK}/d6/8256c07959784ca5a7eb8a7fb7293f
109	9d/568df4	RIBOFLOW:GENOME_ALIGN:BAM_TO_BED	GSM8325911.1	RIBOFLOW:GENOME_ALIGN:BAM_TO_BED (GSM8325911.1)	COMPLETED	0	1	1785389282648	1785389282745	1785389285598	2950	2894	1	2147483648	98.4	10371072	10371072	169005056	236249088	145764947	151832069	0	151830528	${NXF_WORK}/9d/568df4d210fcad5ccfac6a9e2ec0be
110	67/4e03ec	RIBOFLOW:GENOME_ALIGN:BAM_TO_BED	GSM8325907.1	RIBOFLOW:GENOME_ALIGN:BAM_TO_BED (GSM8325907.1)	COMPLETED	0	1	1785389282654	1785389282746	1785389286100	3446	3368	1	2147483648	100.1	10420224	10420224	169005056	236249088	170014390	180143961	0	180146176	${NXF_WORK}/67/4e03ec118b7a84a51e49a03bee91c3
111	cd/9e39d6	RIBOFLOW:GENOME_ALIGN:SAMTOOLS_MERGE	GSM8325903	RIBOFLOW:GENOME_ALIGN:SAMTOOLS_MERGE (GSM8325903)	COMPLETED	0	1	1785389286103	1785389286200	1785389286995	892	840	4	8589934592	363.2	15122432	15122432	402178048	402178048	80706868	42496413	0	42528768	${NXF_WORK}/cd/9e39d64928ea2447aa6bf48de93ee2
105	40/bad8e0	RIBOFLOW:RNASEQ_GENOME_ALIGN:SAMTOOLS_QPASS	GSM8325903.1	RIBOFLOW:RNASEQ_GENOME_ALIGN:SAMTOOLS_QPASS (GSM8325903.1)	COMPLETED	0	1	1785389280594	1785389280692	1785389287644	7050	6988	4	8589934592	341.7	11993088	11993088	475918336	543027200	1166524177	189353320	0	189583360	${NXF_WORK}/40/bad8e04025217b32c55076e99ca62b
113	90/0c38e2	RIBOFLOW:GENOME_ALIGN:SAMTOOLS_MERGE	GSM8325907	RIBOFLOW:GENOME_ALIGN:SAMTOOLS_MERGE (GSM8325907)	COMPLETED	0	1	1785389286997	1785389287095	1785389288892	1895	1845	4	8589934592	364.3	15089664	15089664	402178048	402178048	170006526	87504322	0	87568384	${NXF_WORK}/90/0c38e2a9e79be09cb0b4a8f161fce2
112	35/97f071	RIBOFLOW:GENOME_ALIGN:SAMTOOLS_MERGE	GSM8325911	RIBOFLOW:GENOME_ALIGN:SAMTOOLS_MERGE (GSM8325911)	COMPLETED	0	1	1785389287647	1785389287745	1785389289245	1598	1545	4	8589934592	362.8	15106048	15106048	402178048	402178048	145757005	75485980	0	75542528	${NXF_WORK}/35/97f0710c3f559a5b6dddd7417b1be0
116	74/682ab6	RIBOFLOW:RNASEQ_GENOME_STATS:RNASEQ_GENOME_STATS_INDIVIDUAL	GSM8325903.1	RIBOFLOW:RNASEQ_GENOME_STATS:RNASEQ_GENOME_STATS_INDIVIDUAL (GSM8325903.1)	COMPLETED	0	1	1785389289250	1785389289346	1785389289623	373	304	1	2147483648	100.1	43921408	43921408	247582720	247631872	22851578	5578	0	4096	${NXF_WORK}/74/682ab65f356b8e8220ed2f9f5580df
106	4b/ba1d2a	RIBOFLOW:RNASEQ_GENOME_ALIGN:SAMTOOLS_QPASS	GSM8325911.1	RIBOFLOW:RNASEQ_GENOME_ALIGN:SAMTOOLS_QPASS (GSM8325911.1)	COMPLETED	0	1	1785389281102	1785389281200	1785389289981	8879	8818	4	8589934592	331.6	12029952	12029952	475918336	541184000	1389121735	225139249	0	225427456	${NXF_WORK}/4b/ba1d2a6bfdfac2624fc0f3579c63b0
120	79/b3d172	RIBOFLOW:RNASEQ_GENOME_STATS:RNASEQ_GENOME_STATS_INDIVIDUAL	GSM8325911.1	RIBOFLOW:RNASEQ_GENOME_STATS:RNASEQ_GENOME_STATS_INDIVIDUAL (GSM8325911.1)	COMPLETED	0	1	1785389290989	1785389291083	1785389291377	388	313	1	2147483648	97.0	43782144	43782144	247582720	247631872	22851585	5577	0	4096	${NXF_WORK}/79/b3d172bcec0008c702dd780225ffde
107	d5/ad61ff	RIBOFLOW:RNASEQ_GENOME_ALIGN:SAMTOOLS_QPASS	GSM8325907.1	RIBOFLOW:RNASEQ_GENOME_ALIGN:SAMTOOLS_QPASS (GSM8325907.1)	COMPLETED	0	1	1785389282218	1785389282314	1785389294287	12069	12001	4	8589934592	368.8	11968512	11968512	475918336	541184000	2059230276	332527486	0	332955648	${NXF_WORK}/d5/ad61ff2ca37f1c61d692ad79c1f1d3
125	67/3d0f65	RIBOFLOW:RNASEQ_GENOME_STATS:RNASEQ_GENOME_STATS_INDIVIDUAL	GSM8325907.1	RIBOFLOW:RNASEQ_GENOME_STATS:RNASEQ_GENOME_STATS_INDIVIDUAL (GSM8325907.1)	COMPLETED	0	1	1785389295304	1785389295390	1785389295697	393	308	1	2147483648	101.1	44032000	44032000	247799808	247848960	22851591	5585	0	4096	${NXF_WORK}/67/3d0f657cacc8fcf73efa9fbe61a4c5
126	bb/cbe78f	RIBOFLOW:RNASEQ_GENOME_STATS:RNASEQ_GENOME_COMBINE_INDIVIDUAL	-	RIBOFLOW:RNASEQ_GENOME_STATS:RNASEQ_GENOME_COMBINE_INDIVIDUAL	COMPLETED	0	1	1785389296706	1785389296799	1785389297340	634	578	1	2147483648	97.5	31793152	31793152	226357248	226357248	44367128	3154	0	8192	${NXF_WORK}/bb/cbe78f5427bf0095a6dff8a05d5771
128	fa/ba3093	RIBOFLOW:RNASEQ_GENOME_STATS:RNASEQ_GENOME_STATS_SUM	GSM8325911	RIBOFLOW:RNASEQ_GENOME_STATS:RNASEQ_GENOME_STATS_SUM (GSM8325911)	COMPLETED	0	1	1785389297343	1785389297440	1785389297705	362	296	1	2147483648	99.1	31940608	31940608	227405824	227405824	22225812	1984	0	4096	${NXF_WORK}/fa/ba3093fee95affa27c5e4b136fa850
115	d3/0e2740	RIBOFLOW:RNASEQ_GENOME_ALIGN:BAM_TO_BED	GSM8325903.1	RIBOFLOW:RNASEQ_GENOME_ALIGN:BAM_TO_BED (GSM8325903.1)	COMPLETED	0	1	1785389289247	1785389289345	1785389297876	8629	8580	1	2147483648	103.4	10371072	10371072	169005056	236249088	375189993	243441816	0	243441664	${NXF_WORK}/d3/0e2740eba9885618cf1b5c5d41898e
129	54/9a3385	RIBOFLOW:RNASEQ_GENOME_STATS:RNASEQ_GENOME_STATS_SUM	GSM8325907	RIBOFLOW:RNASEQ_GENOME_STATS:RNASEQ_GENOME_STATS_SUM (GSM8325907)	COMPLETED	0	1	1785389297708	1785389297805	1785389298069	361	291	1	2147483648	99.3	32980992	32980992	228659200	228659200	22225815	1988	0	4096	${NXF_WORK}/54/9a3385457497da53dd4fca64d788d6
127	61/aecc5e	RIBOFLOW:RNASEQ_GENOME_STATS:RNASEQ_GENOME_STATS_SUM	GSM8325903	RIBOFLOW:RNASEQ_GENOME_STATS:RNASEQ_GENOME_STATS_SUM (GSM8325903)	COMPLETED	0	1	1785389297878	1785389297979	1785389298233	355	291	1	2147483648	96.8	33079296	33079296	228941824	228941824	22225812	1984	0	4096	${NXF_WORK}/61/aecc5e7e4b07750369f4b8b25d672f
130	7e/c5154e	RIBOFLOW:RNASEQ_GENOME_STATS:RNASEQ_GENOME_COMBINE_MERGED	-	RIBOFLOW:RNASEQ_GENOME_STATS:RNASEQ_GENOME_COMBINE_MERGED	COMPLETED	0	1	1785389299238	1785389299337	1785389299869	631	578	1	2147483648	97.4	31764480	31764480	227405824	227405824	44367078	3112	0	8192	${NXF_WORK}/7e/c5154e11f3710cf204f4e5408b4540
114	8f/022e13	RIBOFLOW:GENOME_ALIGN:UMICOLLAPSE_DEDUP	GSM8325903	RIBOFLOW:GENOME_ALIGN:UMICOLLAPSE_DEDUP (GSM8325903)	COMPLETED	0	1	1785389288896	1785389288992	1785389300075	11179	11112	4	8589934592	193.2	1427386368	1449394176	17864642560	17931751424	347653163	104635382	0	104726528	${NXF_WORK}/8f/022e13d5e908551a17ecfd00639a52
131	fc/366c63	RIBOFLOW:RNASEQ_GENOME_STATS:RNASEQ_GENOME_STATS_PUBLISH	-	RIBOFLOW:RNASEQ_GENOME_STATS:RNASEQ_GENOME_STATS_PUBLISH	COMPLETED	0	1	1785389300082	1785389300178	1785389300203	121	5	1	2147483648	75.3	0	0	0	0	97311	2914	0	8192	${NXF_WORK}/fc/366c639be34dfdf848a6cf0050fa27
119	99/140882	RIBOFLOW:RNASEQ_GENOME_ALIGN:BAM_TO_BED	GSM8325911.1	RIBOFLOW:RNASEQ_GENOME_ALIGN:BAM_TO_BED (GSM8325911.1)	COMPLETED	0	1	1785389290986	1785389291082	1785389301807	10821	10769	1	2147483648	101.3	10297344	10297344	169005056	236249088	446720874	306634261	0	306634752	${NXF_WORK}/99/140882341e4eacaa6447113008da52
123	a4/97ff0c	RIBOFLOW:RNASEQ_GENOME_ALIGN:SAMTOOLS_MERGE	GSM8325911	RIBOFLOW:RNASEQ_GENOME_ALIGN:SAMTOOLS_MERGE (GSM8325911)	COMPLETED	0	1	1785389300078	1785389300177	1785389305877	5799	5746	4	8589934592	378.6	15040512	15040512	402923520	468365312	446703203	225127141	0	225398784	${NXF_WORK}/a4/97ff0c1608bfc565700a142d5b8a37
121	06/36f6b5	RIBOFLOW:RNASEQ_GENOME_ALIGN:BAM_TO_BED	GSM8325907.1	RIBOFLOW:RNASEQ_GENOME_ALIGN:BAM_TO_BED (GSM8325907.1)	COMPLETED	0	1	1785389294296	1785389294387	1785389310652	16356	16308	1	2147483648	102.4	10375168	10375168	169005056	236249088	661315268	463757927	0	463757312	${NXF_WORK}/06/36f6b5bf52e3a3913d7ed01beddd1c
117	3e/ba1928	RIBOFLOW:GENOME_ALIGN:UMICOLLAPSE_DEDUP	GSM8325907	RIBOFLOW:GENOME_ALIGN:UMICOLLAPSE_DEDUP (GSM8325907)	COMPLETED	0	1	1785389289983	1785389290080	1785389312161	22178	22116	4	8589934592	180.1	1756196864	1764311040	17998860288	18065969152	730437686	219263184	0	219348992	${NXF_WORK}/3e/ba1928e65f2f746a943082e6fa89cd
118	e6/3d0a80	RIBOFLOW:GENOME_ALIGN:UMICOLLAPSE_DEDUP	GSM8325911	RIBOFLOW:GENOME_ALIGN:UMICOLLAPSE_DEDUP (GSM8325911)	COMPLETED	0	1	1785389294292	1785389294387	1785389313407	19115	19043	4	8589934592	169.6	1932693504	1932693504	17931751424	17998860288	624848887	187479018	4096	187543552	${NXF_WORK}/e6/3d0a8091da1d21734d2ed541317d49
124	82/f614ca	RIBOFLOW:RNASEQ_GENOME_ALIGN:SAMTOOLS_MERGE	GSM8325907	RIBOFLOW:RNASEQ_GENOME_ALIGN:SAMTOOLS_MERGE (GSM8325907)	COMPLETED	0	1	1785389305880	1785389305977	1785389314440	8560	8510	4	8589934592	386.9	15081472	15081472	402178048	402178048	661290792	332508521	0	332918784	${NXF_WORK}/82/f614cac4b0daa4beaadbc7c88dc3d4
134	7f/f79400	RIBOFLOW:GENOME_ALIGN:SPLIT_DEDUP_BAM	GSM8325903.1	RIBOFLOW:GENOME_ALIGN:SPLIT_DEDUP_BAM (GSM8325903.1)	COMPLETED	0	1	1785389312167	1785389312261	1785389314669	2502	2429	4	8589934592	213.3	12029952	12029952	475914240	542101504	273921581	115694759	0	115732480	${NXF_WORK}/7f/f79400e0a3f43b576115593f13c702
146	f0/9bd28e	RIBOFLOW:ALIGNMENT_STATS:STATS_INDIVIDUAL	GSM8325903.1	RIBOFLOW:ALIGNMENT_STATS:STATS_INDIVIDUAL (GSM8325903.1)	COMPLETED	0	1	1785389314683	1785389314771	1785389315071	388	315	1	2147483648	96.2	58843136	58843136	269729792	269778944	22856369	5553	0	4096	${NXF_WORK}/f0/9bd28e02c555d5440295c13b09cda4
122	00/6c0647	RIBOFLOW:RNASEQ_GENOME_ALIGN:SAMTOOLS_MERGE	GSM8325903	RIBOFLOW:RNASEQ_GENOME_ALIGN:SAMTOOLS_MERGE (GSM8325903)	COMPLETED	0	1	1785389310655	1785389310753	1785389315731	5076	5010	4	8589934592	350.1	14962688	14962688	402178048	402178048	375176650	189345516	0	189558784	${NXF_WORK}/00/6c0647384457eb8834fa67220ef39c
144	f9/fc178b	RIBOFLOW:GENOME_ALIGN:SPLIT_DEDUP_BAM	GSM8325911.1	RIBOFLOW:GENOME_ALIGN:SPLIT_DEDUP_BAM (GSM8325911.1)	COMPLETED	0	1	1785389314672	1785389314770	1785389318872	4200	4121	4	8589934592	226.6	12201984	12201984	475914240	543023104	492155078	211106333	0	211165184	${NXF_WORK}/f9/fc178b84d64efea1cd7b8ee4dcdad7
148	db/01aec4	RIBOFLOW:ALIGNMENT_STATS:STATS_INDIVIDUAL	GSM8325911.1	RIBOFLOW:ALIGNMENT_STATS:STATS_INDIVIDUAL (GSM8325911.1)	COMPLETED	0	1	1785389318883	1785389318972	1785389319249	366	298	1	2147483648	98.6	43864064	43864064	247578624	247627776	22856513	5557	0	4096	${NXF_WORK}/db/01aec4781fd02bacb42d4b9125e114
141	8d/c9ddb1	RIBOFLOW:GENOME_ALIGN:SPLIT_DEDUP_BAM	GSM8325907.1	RIBOFLOW:GENOME_ALIGN:SPLIT_DEDUP_BAM (GSM8325907.1)	COMPLETED	0	1	1785389314443	1785389314540	1785389319350	4907	4840	4	8589934592	236.6	12230656	12230656	475914240	541179904	574884187	249280192	0	249352192	${NXF_WORK}/8d/c9ddb13bf290cdec98df74cb4a6981
149	c4/21ded8	RIBOFLOW:ALIGNMENT_STATS:STATS_INDIVIDUAL	GSM8325907.1	RIBOFLOW:ALIGNMENT_STATS:STATS_INDIVIDUAL (GSM8325907.1)	COMPLETED	0	1	1785389319365	1785389319450	1785389319742	377	302	1	2147483648	99.8	43540480	43540480	247300096	247349248	22856482	5559	0	4096	${NXF_WORK}/c4/21ded831ecc543a4e345d356a94cea
136	98/c42363	RIBOFLOW:RNASEQ_GENOME_ALIGN:RNASEQ_CONCAT_QPASS_BED_NONE	GSM8325903	RIBOFLOW:RNASEQ_GENOME_ALIGN:RNASEQ_CONCAT_QPASS_BED_NONE (GSM8325903)	COMPLETED	0	1	1785389313409	1785389313507	1785389320308	6899	6847	1	2147483648	100.6	18059264	18059264	44658688	44658688	957232766	957139210	0	713830400	${NXF_WORK}/98/c4236351848b0636ee84a44fb0b629
153	37/eb405d	RIBOFLOW:ALIGNMENT_STATS:COMBINE_INDIVIDUAL	-	RIBOFLOW:ALIGNMENT_STATS:COMBINE_INDIVIDUAL	COMPLETED	0	1	1785389319750	1785389319842	1785389320376	626	573	1	2147483648	99.8	42340352	42340352	239591424	239591424	44367097	3138	0	8192	${NXF_WORK}/37/eb405d6ba26eab7422e0911c62d85f
155	96/a2c92c	RIBOFLOW:ALIGNMENT_STATS:STATS_SUM	GSM8325911	RIBOFLOW:ALIGNMENT_STATS:STATS_SUM (GSM8325911)	COMPLETED	0	1	1785389319753	1785389319843	1785389320442	689	634	1	2147483648	99.8	41267200	41267200	238239744	238239744	44264219	2719	0	8192	${NXF_WORK}/96/a2c92c2c86227e91af6a3cfdb8cae2
154	85/3e451e	RIBOFLOW:ALIGNMENT_STATS:STATS_SUM	GSM8325903	RIBOFLOW:ALIGNMENT_STATS:STATS_SUM (GSM8325903)	COMPLETED	0	1	1785389319755	1785389319843	1785389320443	688	633	1	2147483648	99.9	41840640	41840640	239591424	239591424	44264212	2713	0	8192	${NXF_WORK}/85/3e451e2ceef5c65024f08057715971
156	6d/09b09e	RIBOFLOW:ALIGNMENT_STATS:STATS_SUM	GSM8325907	RIBOFLOW:ALIGNMENT_STATS:STATS_SUM (GSM8325907)	COMPLETED	0	1	1785389319756	1785389319843	1785389320442	686	630	1	2147483648	100.4	40407040	40407040	237834240	238137344	44264221	2723	0	8192	${NXF_WORK}/6d/09b09ecb4a8634437c0e14f442e8bb
150	77/1dab66	RIBOFLOW:GENOME_ALIGN:CONCAT_POST_DEDUP_BED	GSM8325903	RIBOFLOW:GENOME_ALIGN:CONCAT_POST_DEDUP_BED (GSM8325903)	COMPLETED	0	1	1785389319372	1785389319450	1785389320856	1484	1429	1	2147483648	100.2	17960960	17960960	44658688	44658688	224036064	223942511	0	149319680	${NXF_WORK}/77/1dab66d12c7358dee1a57f04cc9fc5
157	cb/edce8d	RIBOFLOW:ALIGNMENT_STATS:COMBINE_MERGED	-	RIBOFLOW:ALIGNMENT_STATS:COMBINE_MERGED	COMPLETED	0	1	1785389320451	1785389320543	1785389321058	607	557	1	2147483648	99.2	30892032	30892032	225677312	225677312	44367098	3096	0	8192	${NXF_WORK}/cb/edce8d548ccaa1e3e5797deb9c4899
158	ce/a0f951	RIBOFLOW:ALIGNMENT_STATS:STATS_PUBLISH	-	RIBOFLOW:ALIGNMENT_STATS:STATS_PUBLISH	COMPLETED	0	1	1785389321063	1785389321158	1785389321161	98	5	1	2147483648	157.1	0	0	0	0	97320	2930	0	8192	${NXF_WORK}/ce/a0f951c78b15aa029ee14f4721d474
151	c1/f31a31	RIBOFLOW:GENOME_ALIGN:CONCAT_POST_DEDUP_BED	GSM8325911	RIBOFLOW:GENOME_ALIGN:CONCAT_POST_DEDUP_BED (GSM8325911)	COMPLETED	0	1	1785389319369	1785389319450	1785389322389	3020	2972	1	2147483648	101.1	18468864	18468864	44658688	44658688	505469661	505376114	0	366796800	${NXF_WORK}/c1/f31a3150acf006c77b1b07683b7e12
137	87/603de9	RIBOFLOW:RNASEQ_GENOME_ALIGN:RNASEQ_CONCAT_QPASS_BED_NONE	GSM8325911	RIBOFLOW:RNASEQ_GENOME_ALIGN:RNASEQ_CONCAT_QPASS_BED_NONE (GSM8325911)	COMPLETED	0	1	1785389313413	1785389313508	1785389322514	9101	9049	1	2147483648	100.5	18264064	18264064	44658688	44658688	1221243536	1221149980	0	914661376	${NXF_WORK}/87/603de921cc610080d5766c3e640397
152	8e/885b61	RIBOFLOW:GENOME_ALIGN:CONCAT_POST_DEDUP_BED	GSM8325907	RIBOFLOW:GENOME_ALIGN:CONCAT_POST_DEDUP_BED (GSM8325907)	COMPLETED	0	1	1785389319375	1785389319451	1785389322933	3558	3504	1	2147483648	101.2	18526208	18526208	44658688	44658688	585062717	584969164	0	419844096	${NXF_WORK}/8e/885b612a6e5ad816cb9d90b3d7e6db
138	74/9dbd14	RIBOFLOW:RNASEQ_GENOME_ALIGN:RNASEQ_CONCAT_QPASS_BED_NONE	GSM8325907	RIBOFLOW:RNASEQ_GENOME_ALIGN:RNASEQ_CONCAT_QPASS_BED_NONE (GSM8325907)	COMPLETED	0	1	1785389313416	1785389313508	1785389327099	13683	13627	1	2147483648	100.6	18317312	18317312	44658688	44658688	1844168351	1844074802	0	1380515840	${NXF_WORK}/74/9dbd14ff2385683d808133f2cdd905
