task_id	hash	process	tag	name	status	exit	attempt	submit	start	complete	duration	realtime	cpus	memory	%cpu	rss	peak_rss	vmem	peak_vmem	rchar	wchar	read_bytes	write_bytes	workdir
7	68/8a0452	RIBOFLOW:PREPROCESS:CUTADAPT_CLIP	GSM8325911.1	RIBOFLOW:PREPROCESS:CUTADAPT_CLIP (GSM8325911.1)	COMPLETED	0	1	1785386024650	1785386024750	1785386104399	79749	79696	4	2147483648	245.7	159989760	193982464	562384896	796295168	11788588091	11237774918	0	287629312	${NXF_WORK}/68/8a04524b148df1fef0d6f189dc6105
5	b5/488f5e	RIBOFLOW:PREPROCESS:CUTADAPT_CLIP	GSM8325907.1	RIBOFLOW:PREPROCESS:CUTADAPT_CLIP (GSM8325907.1)	COMPLETED	0	1	1785386024643	1785386024653	1785386112369	87726	87672	4	2147483648	234.0	168857600	180137984	567537664	796782592	12366039711	11813783504	0	313135104	${NXF_WORK}/b5/488f5e08dc7859f1a1bb3194fbc8b4
1	a1/f692a7	RIBOFLOW:RNASEQ_PREPROCESS:CUTADAPT_CLIP_RNASEQ	GSM8325903.1	RIBOFLOW:RNASEQ_PREPROCESS:CUTADAPT_CLIP_RNASEQ (GSM8325903.1)	COMPLETED	0	1	1785386024630	1785386024651	1785386152838	128208	128154	4	2147483648	125.3	175726592	179683328	585404416	806297600	6711788040	6670498849	0	321474560	${NXF_WORK}/a1/f692a7b77f500f5aa1ed854e207265
13	09/157aff	RIBOFLOW:WRITE_CORRESPONDENCE	-	RIBOFLOW:WRITE_CORRESPONDENCE (1)	COMPLETED	0	1	1785386152845	1785386152939	1785386152965	120	4	1	2147483648	75.3	0	0	0	0	90411	1802	0	4096	${NXF_WORK}/09/157aff8cea9ba50d32ba01625991ca
2	01/0bfd6a	RIBOFLOW:PREPROCESS:CUTADAPT_CLIP	GSM8325903.1	RIBOFLOW:PREPROCESS:CUTADAPT_CLIP (GSM8325903.1)	COMPLETED	0	1	1785386112373	1785386112470	1785386156298	43925	43871	4	2147483648	248.1	165965824	205787136	569552896	797569024	6642456584	6301504616	0	158724096	${NXF_WORK}/01/0bfd6ad2d36f7f5a2bd001dc60b161
12	92/0503b4	RIBOFLOW:RNASEQ_PREPROCESS:CUTADAPT_CLIP_RNASEQ	GSM8325911.1	RIBOFLOW:RNASEQ_PREPROCESS:CUTADAPT_CLIP_RNASEQ (GSM8325911.1)	COMPLETED	0	1	1785386104404	1785386104498	1785386261004	156600	156545	4	2147483648	125.1	181297152	197152768	588275712	806313984	8406331554	8355485665	0	394076160	${NXF_WORK}/92/0503b4a5dda0b39b2a64acc5e2dfab
11	c9/78ee37	RIBOFLOW:RNASEQ_PREPROCESS:CUTADAPT_CLIP_RNASEQ	GSM8325907.1	RIBOFLOW:RNASEQ_PREPROCESS:CUTADAPT_CLIP_RNASEQ (GSM8325907.1)	COMPLETED	0	1	1785386024656	1785386024751	1785386266429	241773	241718	4	2147483648	125.9	176807936	196829184	586661888	806248448	12717047161	12641106411	0	605683712	${NXF_WORK}/c9/78ee37bf858c09c08ff4d4a8f29605
18	7f/364f62	RIBOFLOW:PREPROCESS:UMITOOLS_EXTRACT	GSM8325903.1	RIBOFLOW:PREPROCESS:UMITOOLS_EXTRACT (GSM8325903.1)	COMPLETED	0	1	1785386156313	1785386156400	1785386278829	122516	122468	1	2147483648	100.9	136888320	136888320	2507116544	2507116544	184576838	150129747	0	150171648	${NXF_WORK}/7f/364f623634918b3d070af64734c1da
15	bf/17fe4b	RIBOFLOW:PREPROCESS:UMITOOLS_EXTRACT	GSM8325911.1	RIBOFLOW:PREPROCESS:UMITOOLS_EXTRACT (GSM8325911.1)	COMPLETED	0	1	1785386152860	1785386152940	1785386374102	221242	221188	1	2147483648	100.3	136974336	136974336	2506948608	2506948608	313482070	271885354	0	271982592	${NXF_WORK}/bf/17fe4bc9842a9d9a715a4309583945
16	57/6182b3	RIBOFLOW:PREPROCESS:UMITOOLS_EXTRACT	GSM8325907.1	RIBOFLOW:PREPROCESS:UMITOOLS_EXTRACT (GSM8325907.1)	COMPLETED	0	1	1785386152867	1785386152941	1785386393240	240373	240320	1	2147483648	100.3	137162752	137162752	2506018816	2506018816	338988652	296153574	0	296263680	${NXF_WORK}/57/6182b3cae0337c041f139376422e5a
24	1a/dfc826	RIBOFLOW:RNASEQ_PREPROCESS:BOWTIE2_FILTER_RNASEQ	GSM8325911.1	RIBOFLOW:RNASEQ_PREPROCESS:BOWTIE2_FILTER_RNASEQ (GSM8325911.1)	COMPLETED	0	1	1785386266455	1785386266529	1785386425473	159018	158950	8	8589934592	770.3	151912448	151912448	7479996416	7546630144	7719340804	7712510488	0	397279232	${NXF_WORK}/1a/dfc826458761b9777eb2bfcc0f0bb0
21	13/2832ca	RIBOFLOW:RNASEQ_PREPROCESS:BOWTIE2_FILTER_RNASEQ	GSM8325903.1	RIBOFLOW:RNASEQ_PREPROCESS:BOWTIE2_FILTER_RNASEQ (GSM8325903.1)	COMPLETED	0	1	1785386393244	1785386393340	1785386529715	136471	136407	8	8589934592	658.9	148750336	148750336	7480000512	7549779968	6166174426	6160030129	0	325455872	${NXF_WORK}/13/2832ca18a096810f073464c9484b23
26	fd/521dc6	RIBOFLOW:PREPROCESS:BOWTIE2_FILTER	GSM8325903.1	RIBOFLOW:PREPROCESS:BOWTIE2_FILTER (GSM8325903.1)	COMPLETED	0	1	1785386529724	1785386529815	1785386557946	28222	28155	8	8589934592	668.9	911319040	911319040	7598551040	7611326464	4831287860	4000264148	0	217026560	${NXF_WORK}/fd/521dc68568f9b7301b10d74d0eb021
27	9b/e53ae9	RIBOFLOW:PREPROCESS:BOWTIE2_FILTER	GSM8325911.1	RIBOFLOW:PREPROCESS:BOWTIE2_FILTER (GSM8325911.1)	COMPLETED	0	1	1785386557952	1785386558046	1785386608979	51027	50962	8	8589934592	666.5	1656291328	1806184448	7699218432	7711993856	8802835970	7291483080	0	390811648	${NXF_WORK}/9b/e53ae93caa13a3df6b3dd511bef022
28	80/019d7a	RIBOFLOW:PREPROCESS:BOWTIE2_FILTER	GSM8325907.1	RIBOFLOW:PREPROCESS:BOWTIE2_FILTER (GSM8325907.1)	COMPLETED	0	1	1785386608986	1785386609079	1785386665191	56205	56136	8	8589934592	665.4	1763135488	1922572288	7699210240	7711985664	9529762386	7888571519	0	423608320	${NXF_WORK}/80/019d7a9f63dbb2d84a0c8671fe7eb5
25	51/ca6efd	RIBOFLOW:RNASEQ_PREPROCESS:BOWTIE2_FILTER_RNASEQ	GSM8325907.1	RIBOFLOW:RNASEQ_PREPROCESS:BOWTIE2_FILTER_RNASEQ (GSM8325907.1)	COMPLETED	0	1	1785386425477	1785386425573	1785386685105	259628	259558	8	8589934592	648.3	141074432	142540800	7479205888	7557419008	11672505678	11673742562	0	617000960	${NXF_WORK}/51/ca6efd1901cb9f9de1eeceb91baedb
29	9d/38a0c5	RIBOFLOW:TRANSCRIPTOME_ALIGN:BOWTIE2_TRANSCRIPTOME	GSM8325903.1	RIBOFLOW:TRANSCRIPTOME_ALIGN:BOWTIE2_TRANSCRIPTOME (GSM8325903.1)	COMPLETED	0	1	1785386665196	1785386665292	1785386686222	21026	20957	8	8589934592	472.0	643792896	643792896	7653675008	7682736128	2570331300	2085541238	0	105189376	${NXF_WORK}/9d/38a0c5f19ab6fa56fc5d8bcfda7450
32	ac/6e1469	RIBOFLOW:TRANSCRIPTOME_ALIGN:BOWTIE2_TRANSCRIPTOME	GSM8325911.1	RIBOFLOW:TRANSCRIPTOME_ALIGN:BOWTIE2_TRANSCRIPTOME (GSM8325911.1)	COMPLETED	0	1	1785386685111	1785386685205	1785386724930	39819	39741	8	8589934592	479.2	969039872	969039872	7704256512	7716544512	4609855094	3804017266	0	185999360	${NXF_WORK}/ac/6e1469b822f8d3604b8fd6907eee48
33	1b/7e8a83	RIBOFLOW:TRANSCRIPTOME_ALIGN:BOWTIE2_TRANSCRIPTOME	GSM8325907.1	RIBOFLOW:TRANSCRIPTOME_ALIGN:BOWTIE2_TRANSCRIPTOME (GSM8325907.1)	COMPLETED	0	1	1785386686229	1785386686322	1785386730734	44505	44428	8	8589934592	490.7	1003593728	1027162112	7704252416	7716540416	5257393239	4360249983	0	209838080	${NXF_WORK}/1b/7e8a833b45bcf56ac7d50ef34aea43
38	7d/7f0c9d	RIBOFLOW:RNASEQ_TRANSCRIPTOME_ALIGN:BOWTIE2_TRANSCRIPTOME_RNASEQ	GSM8325903.1	RIBOFLOW:RNASEQ_TRANSCRIPTOME_ALIGN:BOWTIE2_TRANSCRIPTOME_RNASEQ (GSM8325903.1)	COMPLETED	0	1	1785386730742	1785386730834	1785386836636	105894	105826	8	8589934592	773.7	1885798400	1885798400	7734759424	7759884288	9359187019	7287431842	0	160641024	${NXF_WORK}/7d/7f0c9dec4ac9ebe8bf37dfa96fbe2c
35	df/11fde2	RIBOFLOW:RNASEQ_TRANSCRIPTOME_ALIGN:BOWTIE2_TRANSCRIPTOME_RNASEQ	GSM8325911.1	RIBOFLOW:RNASEQ_TRANSCRIPTOME_ALIGN:BOWTIE2_TRANSCRIPTOME_RNASEQ (GSM8325911.1)	COMPLETED	0	1	1785386724934	1785386725030	1785386855953	131019	130951	8	8589934592	780.0	2378129408	2378129408	7835664384	7835664384	11753073672	9177446453	0	192208896	${NXF_WORK}/df/11fde2abdb8dca59bba320e98499d7
41	35/107c61	RIBOFLOW:TRANSCRIPTOME_ALIGN:SAMTOOLS_QPASS	GSM8325903.1	RIBOFLOW:TRANSCRIPTOME_ALIGN:SAMTOOLS_QPASS (GSM8325903.1)	COMPLETED	0	1	1785386855964	1785386856054	1785386857076	1112	1055	4	8589934592	265.8	22818816	22818816	34066432	34066432	113139574	31388815	0	31412224	${NXF_WORK}/35/107c6184f838f920166fdc161a01d4
45	56/add885	RIBOFLOW:TRANSCRIPTOME_ALIGN:SAMTOOLS_QPASS	GSM8325911.1	RIBOFLOW:TRANSCRIPTOME_ALIGN:SAMTOOLS_QPASS (GSM8325911.1)	COMPLETED	0	1	1785386855969	1785386856054	1785386857737	1768	1713	4	8589934592	290.9	30187520	30187520	492335104	558526464	197279990	54270238	0	54312960	${NXF_WORK}/56/add88505bbc251bca12ee61ceb039a
48	a0/2ec69f	RIBOFLOW:TRANSCRIPTOME_ALIGN:SAMTOOLS_QPASS	GSM8325907.1	RIBOFLOW:TRANSCRIPTOME_ALIGN:SAMTOOLS_QPASS (GSM8325907.1)	COMPLETED	0	1	1785386857081	1785386857176	1785386859122	2041	1982	4	8589934592	301.4	30175232	30175232	492335104	559443968	231836809	63716971	0	63766528	${NXF_WORK}/a0/2ec69f2d9cf7b75c57a76bc86b3588
50	af/255ebb	RIBOFLOW:RNASEQ_TRANSCRIPTOME_ALIGN:SAMTOOLS_QPASS	GSM8325903.1	RIBOFLOW:RNASEQ_TRANSCRIPTOME_ALIGN:SAMTOOLS_QPASS (GSM8325903.1)	COMPLETED	0	1	1785386857746	1785386857837	1785386861690	3944	3892	4	8589934592	288.9	29949952	29949952	492335104	492335104	349603171	96260057	0	96391168	${NXF_WORK}/af/255ebb68ae5f1cebb90e5aaf56b7c4
54	84/b996e9	RIBOFLOW:TRANSCRIPTOME_ALIGN:SAMTOOLS_MERGE	GSM8325907	RIBOFLOW:TRANSCRIPTOME_ALIGN:SAMTOOLS_MERGE (GSM8325907)	COMPLETED	0	1	1785386861693	1785386861790	1785386863465	1772	1712	4	8589934592	309.1	45281280	45281280	433430528	433430528	125337422	63716761	0	63762432	${NXF_WORK}/84/b996e9eb4718be1ca528213292f022
51	32/7a0af0	RIBOFLOW:RNASEQ_TRANSCRIPTOME_ALIGN:SAMTOOLS_QPASS	GSM8325911.1	RIBOFLOW:RNASEQ_TRANSCRIPTOME_ALIGN:SAMTOOLS_QPASS (GSM8325911.1)	COMPLETED	0	1	1785386859127	1785386859222	1785386864061	4934	4875	4	8589934592	294.6	29978624	29978624	492335104	559443968	422393327	116907179	0	117071872	${NXF_WORK}/32/7a0af00a1167b59508cd2512c0419b
53	9e/947502	RIBOFLOW:TRANSCRIPTOME_ALIGN:SAMTOOLS_MERGE	GSM8325911	RIBOFLOW:TRANSCRIPTOME_ALIGN:SAMTOOLS_MERGE (GSM8325911)	COMPLETED	0	1	1785386863470	1785386863566	1785386864966	1496	1446	4	8589934592	308.0	45293568	45293568	433430528	433430528	106460415	54270028	0	54308864	${NXF_WORK}/9e/947502bc7b2ce6cf65c3b9b7d48fdf
52	a3/4885dc	RIBOFLOW:TRANSCRIPTOME_ALIGN:SAMTOOLS_MERGE	GSM8325903	RIBOFLOW:TRANSCRIPTOME_ALIGN:SAMTOOLS_MERGE (GSM8325903)	COMPLETED	0	1	1785386864066	1785386864161	1785386865027	961	907	4	8589934592	268.9	37789696	37789696	50581504	50585600	60808695	31388605	0	31408128	${NXF_WORK}/a3/4885dc702369220c62a13211d90f03
55	78/1fce92	RIBOFLOW:RNASEQ_TX_STATS:RNASEQ_TX_STATS_INDIVIDUAL	GSM8325903.1	RIBOFLOW:RNASEQ_TX_STATS:RNASEQ_TX_STATS_INDIVIDUAL (GSM8325903.1)	COMPLETED	0	1	1785386864970	1785386865028	1785386865092	122	17	1	2147483648	111.0	0	0	0	0	187757	3646	0	4096	${NXF_WORK}/78/1fce9248bd5e41062f91909790e11f
57	e2/202cd7	RIBOFLOW:RNASEQ_TX_STATS:RNASEQ_TX_STATS_INDIVIDUAL	GSM8325911.1	RIBOFLOW:RNASEQ_TX_STATS:RNASEQ_TX_STATS_INDIVIDUAL (GSM8325911.1)	COMPLETED	0	1	1785386864976	1785386865028	1785386865094	118	21	1	2147483648	102.1	0	0	0	0	187751	3646	0	4096	${NXF_WORK}/e2/202cd75c7deb6256294ea9fcf3c1f9
58	d8/0cc770	RIBOFLOW:TRANSCRIPTOME_ALIGN:UMICOLLAPSE_DEDUP	GSM8325911	RIBOFLOW:TRANSCRIPTOME_ALIGN:UMICOLLAPSE_DEDUP (GSM8325911)	COMPLETED	0	1	1785386865099	1785386865194	1785386881463	16364	16304	4	8589934592	158.2	2030473216	2030473216	17998860288	17998860288	243368987	136094671	0	136142848	${NXF_WORK}/d8/0cc7705a9b58af8c029e3aa12fed8f
56	e8/e4adda	RIBOFLOW:TRANSCRIPTOME_ALIGN:UMICOLLAPSE_DEDUP	GSM8325907	RIBOFLOW:TRANSCRIPTOME_ALIGN:UMICOLLAPSE_DEDUP (GSM8325907)	COMPLETED	0	1	1785386865033	1785386865092	1785386884281	19248	19189	4	8589934592	155.5	1904111616	1915920384	17864642560	17864642560	287445427	161302054	0	161370112	${NXF_WORK}/e8/e4addae25e8de2bd7c28966764b12f
61	71/41f5c1	RIBOFLOW:TRANSCRIPTOME_ALIGN:SPLIT_DEDUP_BAM	GSM8325911.1	RIBOFLOW:TRANSCRIPTOME_ALIGN:SPLIT_DEDUP_BAM (GSM8325911.1)	COMPLETED	0	1	1785386884288	1785386884382	1785386887807	3519	3458	4	8589934592	187.4	30216192	30216192	492335104	558522368	211890575	379552959	0	376578048	${NXF_WORK}/71/41f5c116a014dcdfdb49451f53a220
64	90/a2f628	RIBOFLOW:TRANSCRIPTOME_STATS:TX_STATS_INDIVIDUAL	GSM8325911.1	RIBOFLOW:TRANSCRIPTOME_STATS:TX_STATS_INDIVIDUAL (GSM8325911.1)	COMPLETED	0	1	1785386887825	1785386887908	1785386887973	148	17	1	2147483648	109.7	0	0	0	0	192674	3615	0	4096	${NXF_WORK}/90/a2f6282d529ed5c9ac57fd7ea915e0
60	fa/8fb538	RIBOFLOW:TRANSCRIPTOME_ALIGN:TX_MERGED_DEDUP_BED	GSM8325911.null	RIBOFLOW:TRANSCRIPTOME_ALIGN:TX_MERGED_DEDUP_BED (GSM8325911.null)	COMPLETED	0	1	1785386887811	1785386887907	1785386890138	2327	2245	1	2147483648	100.4	26652672	26652672	175284224	242528256	107513973	324409459	0	324411392	${NXF_WORK}/fa/8fb538df755211c7bb6ceb30268f93
62	1b/085777	RIBOFLOW:TRANSCRIPTOME_ALIGN:TX_MERGED_DEDUP_BED	GSM8325907.null	RIBOFLOW:TRANSCRIPTOME_ALIGN:TX_MERGED_DEDUP_BED (GSM8325907.null)	COMPLETED	0	1	1785386887820	1785386887908	1785386890540	2720	2662	1	2147483648	101.5	26681344	26681344	175284224	242528256	126845104	391549040	0	391548928	${NXF_WORK}/1b/085777c01f7b3d2e8a18f436072d0d
59	04/f427a0	RIBOFLOW:TRANSCRIPTOME_ALIGN:UMICOLLAPSE_DEDUP	GSM8325903	RIBOFLOW:TRANSCRIPTOME_ALIGN:UMICOLLAPSE_DEDUP (GSM8325903)	COMPLETED	0	1	1785386881467	1785386881564	1785386891111	9644	9586	4	8589934592	182.1	1624727552	1883701248	17795428352	17795428352	138644880	76967323	0	77004800	${NXF_WORK}/04/f427a0784b3208e7906eb4da868d4b
65	d0/6a05c4	RIBOFLOW:TRANSCRIPTOME_ALIGN:TX_MERGED_DEDUP_BED	GSM8325903.null	RIBOFLOW:TRANSCRIPTOME_ALIGN:TX_MERGED_DEDUP_BED (GSM8325903.null)	COMPLETED	0	1	1785386892116	1785386892212	1785386893352	1236	1185	1	2147483648	103.2	26685440	26685440	175284224	242528256	61698076	175836862	0	175837184	${NXF_WORK}/d0/6a05c49d23849a02bcf49d34efacba
63	f6/7f42e1	RIBOFLOW:TRANSCRIPTOME_ALIGN:SPLIT_DEDUP_BAM	GSM8325907.1	RIBOFLOW:TRANSCRIPTOME_ALIGN:SPLIT_DEDUP_BAM (GSM8325907.1)	COMPLETED	0	1	1785386890544	1785386890640	1785386894469	3925	3865	4	8589934592	201.6	30281728	30281728	492335104	558522368	249040880	455862538	0	452890624	${NXF_WORK}/f6/7f42e160489d2a84eec0210a9047e3
66	ed/0a8cb9	RIBOFLOW:TRANSCRIPTOME_ALIGN:SPLIT_DEDUP_BAM	GSM8325903.1	RIBOFLOW:TRANSCRIPTOME_ALIGN:SPLIT_DEDUP_BAM (GSM8325903.1)	COMPLETED	0	1	1785386893357	1785386893452	1785386895289	1932	1870	4	8589934592	193.5	26669056	26669056	39542784	39542784	123830693	209207311	0	206213120	${NXF_WORK}/ed/0a8cb9d080df5e6d9edfa65753514f
69	3e/99c22f	RIBOFLOW:TRANSCRIPTOME_ALIGN:RIBOPY_CREATE	GSM8325903	RIBOFLOW:TRANSCRIPTOME_ALIGN:RIBOPY_CREATE (GSM8325903)	COMPLETED	0	1	1785386895294	1785386895389	1785387007016	111722	111668	4	17179869184	262.5	8999518208	9475354624	11313278976	13164093440	5177294087	4960971513	0	362430464	${NXF_WORK}/3e/99c22f9d25136905f225fbc3ee222d
68	f9/acf268	RIBOFLOW:TRANSCRIPTOME_ALIGN:RIBOPY_CREATE	GSM8325907	RIBOFLOW:TRANSCRIPTOME_ALIGN:RIBOPY_CREATE (GSM8325907)	COMPLETED	0	1	1785386894473	1785386894569	1785387009725	115252	115197	4	17179869184	260.6	8997834752	9466646528	11311996928	13224677376	5824430620	5394918918	0	796217344	${NXF_WORK}/f9/acf268f9cb52b50d527930e7d87897
70	1a/723e18	RIBOFLOW:TRANSCRIPTOME_STATS:TX_STATS_INDIVIDUAL	GSM8325907.1	RIBOFLOW:TRANSCRIPTOME_STATS:TX_STATS_INDIVIDUAL (GSM8325907.1)	COMPLETED	0	1	1785387009729	1785387009826	1785387009843	114	20	1	2147483648	72.9	0	0	0	0	192641	3613	0	4096	${NXF_WORK}/1a/723e1807e434f1b05d5a4f775da9f9
71	3d/d779c3	RIBOFLOW:TRANSCRIPTOME_STATS:TX_STATS_INDIVIDUAL	GSM8325903.1	RIBOFLOW:TRANSCRIPTOME_STATS:TX_STATS_INDIVIDUAL (GSM8325903.1)	COMPLETED	0	1	1785387009733	1785387009826	1785387009849	116	16	1	2147483648	82.3	0	0	0	0	192527	3609	0	4096	${NXF_WORK}/3d/d779c3ca31f83f2232b36abf27fad7
73	87/8e48a9	RIBOFLOW:TRANSCRIPTOME_STATS:TX_STATS_SUM	GSM8325911	RIBOFLOW:TRANSCRIPTOME_STATS:TX_STATS_SUM (GSM8325911)	COMPLETED	0	1	1785387010865	1785387010951	1785387011267	402	329	1	2147483648	96.0	48816128	48816128	251150336	251150336	22225650	1835	0	4096	${NXF_WORK}/87/8e48a989286a30963060964de16842
74	c5/25a74f	RIBOFLOW:TRANSCRIPTOME_STATS:TX_STATS_SUM	GSM8325907	RIBOFLOW:TRANSCRIPTOME_STATS:TX_STATS_SUM (GSM8325907)	COMPLETED	0	1	1785387010870	1785387010951	1785387011277	407	335	1	2147483648	94.8	40792064	40792064	237965312	238133248	22225650	1835	0	4096	${NXF_WORK}/c5/25a74fdbd34463a6099192a4caef9b
75	29/f31639	RIBOFLOW:TRANSCRIPTOME_STATS:TX_STATS_SUM	GSM8325903	RIBOFLOW:TRANSCRIPTOME_STATS:TX_STATS_SUM (GSM8325903)	COMPLETED	0	1	1785387010860	1785387010951	1785387011287	427	359	1	2147483648	89.6	42504192	42504192	239685632	239685632	22225646	1831	0	4096	${NXF_WORK}/29/f31639f39aff8fad48f9d93994bf40
72	eb/708669	RIBOFLOW:TRANSCRIPTOME_STATS:TX_COMBINE_INDIVIDUAL	-	RIBOFLOW:TRANSCRIPTOME_STATS:TX_COMBINE_INDIVIDUAL	COMPLETED	0	1	1785387010854	1785387010950	1785387011552	698	638	1	2147483648	98.8	31993856	31993856	227405824	227405824	44366460	3185	0	8192	${NXF_WORK}/eb/7086695d3e6ef9782d98f10faa4a5e
76	b6/8bf927	RIBOFLOW:TRANSCRIPTOME_STATS:TX_COMBINE_MERGED	-	RIBOFLOW:TRANSCRIPTOME_STATS:TX_COMBINE_MERGED	COMPLETED	0	1	1785387011557	1785387011653	1785387012215	658	607	1	2147483648	99.2	30081024	30081024	225390592	225456128	44366405	3143	0	8192	${NXF_WORK}/b6/8bf9274b12fdfc17016812a24f2b6c
77	6b/3b57ca	RIBOFLOW:TRANSCRIPTOME_STATS:TX_STATS_PUBLISH	-	RIBOFLOW:TRANSCRIPTOME_STATS:TX_STATS_PUBLISH	COMPLETED	0	1	1785387013220	1785387013317	1785387013331	111	6	1	2147483648	138.4	0	0	0	0	97780	3396	0	8192	${NXF_WORK}/6b/3b57ca76c1511540f44678e8d0c517
39	da/050b4c	RIBOFLOW:RNASEQ_TRANSCRIPTOME_ALIGN:BOWTIE2_TRANSCRIPTOME_RNASEQ	GSM8325907.1	RIBOFLOW:RNASEQ_TRANSCRIPTOME_ALIGN:BOWTIE2_TRANSCRIPTOME_RNASEQ (GSM8325907.1)	COMPLETED	0	1	1785386836640	1785386836737	1785387024273	187633	187564	8	8589934592	811.8	3470102528	3483918336	7835668480	7860793344	17609293013	13762371982	0	280997888	${NXF_WORK}/da/050b4cff825878b38901376579258c
78	5b/70c52d	RIBOFLOW:RNASEQ_TRANSCRIPTOME_ALIGN:SAMTOOLS_QPASS	GSM8325907.1	RIBOFLOW:RNASEQ_TRANSCRIPTOME_ALIGN:SAMTOOLS_QPASS (GSM8325907.1)	COMPLETED	0	1	1785387025278	1785387025374	1785387030583	5305	5244	4	8589934592	393.2	29966336	29966336	492335104	558526464	601366587	162098165	0	162332672	${NXF_WORK}/5b/70c52d77dee32549523ecde4d6d7aa
80	ed/77c44f	RIBOFLOW:RNASEQ_TRANSCRIPTOME_ALIGN:SAMTOOLS_MERGE	GSM8325903	RIBOFLOW:RNASEQ_TRANSCRIPTOME_ALIGN:SAMTOOLS_MERGE (GSM8325903)	COMPLETED	0	1	1785387031587	1785387031684	1785387035080	3493	3436	4	8589934592	283.8	45207552	45207552	433430528	467775488	190360182	96259764	0	96387072	${NXF_WORK}/ed/77c44f20b7ccfba91ce1483c118a32
79	a0/ad989f	RIBOFLOW:RNASEQ_TX_STATS:RNASEQ_TX_STATS_INDIVIDUAL	GSM8325907.1	RIBOFLOW:RNASEQ_TX_STATS:RNASEQ_TX_STATS_INDIVIDUAL (GSM8325907.1)	COMPLETED	0	1	1785387035084	1785387035180	1785387035195	111	16	1	2147483648	121.9	0	0	0	0	187756	3649	0	4096	${NXF_WORK}/a0/ad989fec725949ea335b2f02220fc1
81	27/acfa7d	RIBOFLOW:RNASEQ_TRANSCRIPTOME_ALIGN:SAMTOOLS_MERGE	GSM8325911	RIBOFLOW:RNASEQ_TRANSCRIPTOME_ALIGN:SAMTOOLS_MERGE (GSM8325911)	COMPLETED	0	1	1785387031591	1785387031685	1785387035514	3923	3868	4	8589934592	320.3	45207552	45207552	433430528	433430528	231640507	116906888	0	117067776	${NXF_WORK}/27/acfa7d87adc45a1b139560a916d4e9
85	0a/0e7d44	RIBOFLOW:RNASEQ_TX_STATS:RNASEQ_TX_STATS_SUM	GSM8325903	RIBOFLOW:RNASEQ_TX_STATS:RNASEQ_TX_STATS_SUM (GSM8325903)	COMPLETED	0	1	1785387035520	1785387035616	1785387035886	366	304	1	2147483648	99.2	47943680	47943680	249434112	249450496	22225660	1845	0	4096	${NXF_WORK}/0a/0e7d4479b5c492d4a03d7b79dc4484
86	d7/7b89e2	RIBOFLOW:RNASEQ_TX_STATS:RNASEQ_TX_STATS_SUM	GSM8325911	RIBOFLOW:RNASEQ_TX_STATS:RNASEQ_TX_STATS_SUM (GSM8325911)	COMPLETED	0	1	1785387035522	1785387035616	1785387035886	364	304	1	2147483648	95.6	39038976	39038976	237424640	237424640	22225660	1845	0	4096	${NXF_WORK}/d7/7b89e2ec2c2345d6fbfd2748db8709
87	03/581560	RIBOFLOW:RNASEQ_TX_STATS:RNASEQ_TX_STATS_SUM	GSM8325907	RIBOFLOW:RNASEQ_TX_STATS:RNASEQ_TX_STATS_SUM (GSM8325907)	COMPLETED	0	1	1785387035525	1785387035616	1785387035896	371	309	1	2147483648	97.8	49561600	49561600	251629568	251645952	22225658	1848	0	4096	${NXF_WORK}/03/581560923816118dfc2633a59a3876
84	e8/8b7ca7	RIBOFLOW:RNASEQ_TX_STATS:RNASEQ_TX_COMBINE_INDIVIDUAL	-	RIBOFLOW:RNASEQ_TX_STATS:RNASEQ_TX_COMBINE_INDIVIDUAL	COMPLETED	0	1	1785387035517	1785387035615	1785387036144	627	570	1	2147483648	100.4	40796160	40796160	238137344	238137344	44366503	3216	0	8192	${NXF_WORK}/e8/8b7ca7ccd8dbac854e2c439eccf8cb
89	ee/761442	RIBOFLOW:RNASEQ_TX_STATS:RNASEQ_TX_COMBINE_MERGED	-	RIBOFLOW:RNASEQ_TX_STATS:RNASEQ_TX_COMBINE_MERGED	COMPLETED	0	1	1785387036147	1785387036244	1785387036772	625	571	1	2147483648	100.4	30851072	30851072	225677312	225677312	44366458	3174	0	8192	${NXF_WORK}/ee/761442a1f271b0eebdecb89883b781
82	50/f6df2a	RIBOFLOW:RNASEQ_TRANSCRIPTOME_ALIGN:SAMTOOLS_MERGE	GSM8325907	RIBOFLOW:RNASEQ_TRANSCRIPTOME_ALIGN:SAMTOOLS_MERGE (GSM8325907)	COMPLETED	0	1	1785387031594	1785387031685	1785387037008	5414	5356	4	8589934592	333.8	45203456	45203456	433430528	499621888	321965023	162097875	0	162328576	${NXF_WORK}/50/f6df2a8dcc13d746a1cdd427100c06
90	57/a36705	RIBOFLOW:RNASEQ_TX_STATS:RNASEQ_TX_STATS_PUBLISH	-	RIBOFLOW:RNASEQ_TX_STATS:RNASEQ_TX_STATS_PUBLISH	COMPLETED	0	1	1785387037011	1785387037108	1785387037112	101	6	1	2147483648	72.7	0	0	0	0	97778	3392	0	8192	${NXF_WORK}/57/a36705c9d42a7fce119d3e5c53dc2a
83	0f/71dd44	RIBOFLOW:RNASEQ_TRANSCRIPTOME_ALIGN:RNASEQ_TX_MERGED_QPASS_BED	GSM8325903.null	RIBOFLOW:RNASEQ_TRANSCRIPTOME_ALIGN:RNASEQ_TX_MERGED_QPASS_BED (GSM8325903.null)	COMPLETED	0	1	1785387035198	1785387035295	1785387040530	5332	5284	1	2147483648	100.9	26685440	26685440	175280128	242524160	190366688	514716609	0	514715648	${NXF_WORK}/0f/71dd44a71bfe9f30fa0c9e21c9c153
88	33/cbec7c	RIBOFLOW:RNASEQ_TRANSCRIPTOME_ALIGN:RNASEQ_TX_MERGED_QPASS_BED	GSM8325911.null	RIBOFLOW:RNASEQ_TRANSCRIPTOME_ALIGN:RNASEQ_TX_MERGED_QPASS_BED (GSM8325911.null)	COMPLETED	0	1	1785387035528	1785387035616	1785387042325	6797	6720	1	2147483648	102.4	26636288	26636288	175280128	242524160	231647008	665606806	0	665608192	${NXF_WORK}/33/cbec7c5adb2c9195581569baea9f21
91	a3/1f97b9	RIBOFLOW:RNASEQ_TRANSCRIPTOME_ALIGN:RNASEQ_TX_MERGED_QPASS_BED	GSM8325907.null	RIBOFLOW:RNASEQ_TRANSCRIPTOME_ALIGN:RNASEQ_TX_MERGED_QPASS_BED (GSM8325907.null)	COMPLETED	0	1	1785387037115	1785387037213	1785387046141	9026	8975	1	2147483648	105.3	26677248	26677248	175280128	242524160	321971527	959915626	0	959918080	${NXF_WORK}/a3/1f97b93060ed438a6abbe68eeb11a2
92	11/043a25	RIBOFLOW:RIBOPY_RNASEQ_SET	GSM8325903	RIBOFLOW:RIBOPY_RNASEQ_SET (GSM8325903)	COMPLETED	0	1	1785387041535	1785387041630	1785387051937	10402	10344	4	4294967296	102.8	301121536	301121536	947367936	947367936	1073285700	524490591	0	524488704	${NXF_WORK}/11/043a25359090090fa7d84a9458b8a3
93	06/d00acb	RIBOFLOW:RIBOPY_RNASEQ_SET	GSM8325907	RIBOFLOW:RIBOPY_RNASEQ_SET (GSM8325907)	COMPLETED	0	1	1785387047148	1785387047243	1785387065398	18250	18195	4	4294967296	101.6	301228032	301228032	947347456	947347456	1966206841	972223638	0	972226560	${NXF_WORK}/06/d00acb643325827c60a54d71448333
67	b0/ab751c	RIBOFLOW:TRANSCRIPTOME_ALIGN:RIBOPY_CREATE	GSM8325911	RIBOFLOW:TRANSCRIPTOME_ALIGN:RIBOPY_CREATE (GSM8325911)	COMPLETED	0	1	1785387007020	1785387007116	1785387116804	109784	109726	4	17179869184	266.5	8999759872	9490087936	11313299456	13158871040	5623011888	5259943047	0	662941696	${NXF_WORK}/b0/ab751cd1e6b69caf967d2172f0871e
30	33/8f6418	RIBOFLOW:GENOME_ALIGN:STAR_ALIGN	GSM8325903.1	RIBOFLOW:GENOME_ALIGN:STAR_ALIGN (GSM8325903.1)	COMPLETED	0	1	1785387116809	1785387116904	1785387175085	58276	58203	16	51539607552	377.8	31396941824	31464943616	32668336128	32717336576	31420000946	1645097864	0	1255346176	${NXF_WORK}/33/8f6418c9f202fcab38fd051a3f6bc2
31	80/eacd34	RIBOFLOW:GENOME_ALIGN:STAR_ALIGN	GSM8325911.1	RIBOFLOW:GENOME_ALIGN:STAR_ALIGN (GSM8325911.1)	COMPLETED	0	1	1785387175090	1785387175185	1785387266888	91798	91725	16	51539607552	429.4	31702908928	31741952000	32894570496	32992571392	33223057357	3001025886	0	2283778048	${NXF_WORK}/80/eacd34eace7e09583d5a99f06494df
34	7a/db56e7	RIBOFLOW:GENOME_ALIGN:STAR_ALIGN	GSM8325907.1	RIBOFLOW:GENOME_ALIGN:STAR_ALIGN (GSM8325907.1)	COMPLETED	0	1	1785387266891	1785387266988	1785387361960	95069	94995	16	51539607552	459.3	31702671360	31791869952	32943566848	32992567296	33639305416	3298918821	0	2497191936	${NXF_WORK}/7a/db56e794c9dd1a1248ecf32111c8a8
40	b7/4328d0	RIBOFLOW:RNASEQ_GENOME_ALIGN:STAR_ALIGN_RNASEQ	GSM8325907.1	RIBOFLOW:RNASEQ_GENOME_ALIGN:STAR_ALIGN_RNASEQ (GSM8325907.1)	COMPLETED	0	1	1785387361964	1785387362060	1785387477554	115590	115518	16	51539607552	402.7	32149360640	32300773376	33373388800	33391415296	41915766186	8366428035	0	5051715584	${NXF_WORK}/b7/4328d0a6d726c55495e1f54e6783b5
37	1d/4e4f7f	RIBOFLOW:RNASEQ_GENOME_ALIGN:STAR_ALIGN_RNASEQ	GSM8325903.1	RIBOFLOW:RNASEQ_GENOME_ALIGN:STAR_ALIGN_RNASEQ (GSM8325903.1)	COMPLETED	0	1	1785387477558	1785387477654	1785387552723	75165	75093	16	51539607552	343.7	32128569344	32234139648	33324396544	33391476736	35979820493	4456014793	0	2709352448	${NXF_WORK}/1d/4e4f7f6a3cb3de62f958bf5cd95125
36	a7/aee557	RIBOFLOW:RNASEQ_GENOME_ALIGN:STAR_ALIGN_RNASEQ	GSM8325911.1	RIBOFLOW:RNASEQ_GENOME_ALIGN:STAR_ALIGN_RNASEQ (GSM8325911.1)	COMPLETED	0	1	1785387552727	1785387552823	1785387638068	85341	85270	16	51539607552	360.3	32206004224	32254590976	33373396992	33391415296	37632608098	5543799026	0	3347619840	${NXF_WORK}/a7/aee55710d2e9221fd507e0dffe6b56
95	59/3383d7	RIBOFLOW:GENOME_ALIGN:SAMTOOLS_QPASS	GSM8325903.1	RIBOFLOW:GENOME_ALIGN:SAMTOOLS_QPASS (GSM8325903.1)	COMPLETED	0	1	1785387638073	1785387638168	1785387639484	1411	1350	4	8589934592	348.1	11919360	11919360	475918336	542105600	317044512	42498129	0	42545152	${NXF_WORK}/59/3383d7ff70eed3f8be676dca22df1c
98	13/9dc5ed	RIBOFLOW:GENOME_ALIGN:SAMTOOLS_QPASS	GSM8325911.1	RIBOFLOW:GENOME_ALIGN:SAMTOOLS_QPASS (GSM8325911.1)	COMPLETED	0	1	1785387638076	1785387638169	1785387640515	2439	2373	4	8589934592	362.9	11988992	11988992	475918336	541184000	572137336	75487893	0	75558912	${NXF_WORK}/13/9dc5ed9b59060c6384a47629cbb2be
101	2c/e49bbe	RIBOFLOW:GENOME_ALIGN:SAMTOOLS_QPASS	GSM8325907.1	RIBOFLOW:GENOME_ALIGN:SAMTOOLS_QPASS (GSM8325907.1)	COMPLETED	0	1	1785387638078	1785387638169	1785387640926	2848	2784	4	8589934592	363.4	12054528	12054528	475918336	543027200	656101662	87506842	0	87584768	${NXF_WORK}/2c/e49bbe2f4b63d7f5d9e249502b90a9
105	d5/a9a43f	RIBOFLOW:RNASEQ_GENOME_ALIGN:SAMTOOLS_QPASS	GSM8325903.1	RIBOFLOW:RNASEQ_GENOME_ALIGN:SAMTOOLS_QPASS (GSM8325903.1)	COMPLETED	0	1	1785387640518	1785387640616	1785387646942	6424	6361	4	8589934592	382.3	11960320	11960320	475918336	542105600	1166508586	189350339	0	189583360	${NXF_WORK}/d5/a9a43f3290ebfbce754f47ea99183e
107	c6/081284	RIBOFLOW:GENOME_ALIGN:BAM_TO_BED	GSM8325903.1	RIBOFLOW:GENOME_ALIGN:BAM_TO_BED (GSM8325903.1)	COMPLETED	0	1	1785387646945	1785387647042	1785387648532	1587	1536	1	2147483648	103.4	10317824	10317824	169005056	236249088	80714210	81283308	0	81285120	${NXF_WORK}/c6/081284fe887c91fb6c3ff3f6ff843f
114	4f/fe14b0	RIBOFLOW:RNASEQ_GENOME_STATS:RNASEQ_GENOME_STATS_INDIVIDUAL	GSM8325903.1	RIBOFLOW:RNASEQ_GENOME_STATS:RNASEQ_GENOME_STATS_INDIVIDUAL (GSM8325903.1)	COMPLETED	0	1	1785387648535	1785387648633	1785387648902	367	297	1	2147483648	101.5	43495424	43495424	247390208	247439360	22851574	5578	0	4096	${NXF_WORK}/4f/fe14b01eca65e2fbff6e671a62e67d
106	4f/5813f8	RIBOFLOW:RNASEQ_GENOME_ALIGN:SAMTOOLS_QPASS	GSM8325911.1	RIBOFLOW:RNASEQ_GENOME_ALIGN:SAMTOOLS_QPASS (GSM8325911.1)	COMPLETED	0	1	1785387640929	1785387641027	1785387649034	8105	8040	4	8589934592	364.0	11931648	11931648	475918336	543027200	1389128412	225140197	0	225427456	${NXF_WORK}/4f/5813f83099a14429f6caa6c3b98a81
108	19/360f43	RIBOFLOW:GENOME_ALIGN:BAM_TO_BED	GSM8325911.1	RIBOFLOW:GENOME_ALIGN:BAM_TO_BED (GSM8325911.1)	COMPLETED	0	1	1785387646947	1785387647043	1785387649787	2840	2789	1	2147483648	103.3	10432512	10432512	169005056	236249088	145764058	151832071	0	151830528	${NXF_WORK}/19/360f43bbfb37ebf0db5796e668558d
116	ca/5d076d	RIBOFLOW:RNASEQ_GENOME_STATS:RNASEQ_GENOME_STATS_INDIVIDUAL	GSM8325911.1	RIBOFLOW:RNASEQ_GENOME_STATS:RNASEQ_GENOME_STATS_INDIVIDUAL (GSM8325911.1)	COMPLETED	0	1	1785387649792	1785387649888	1785387650161	369	300	1	2147483648	100.9	43982848	43982848	247582720	247631872	22851576	5579	0	4096	${NXF_WORK}/ca/5d076d268ff26ff8eab8ba5142927a
109	db/4c12f7	RIBOFLOW:GENOME_ALIGN:BAM_TO_BED	GSM8325907.1	RIBOFLOW:GENOME_ALIGN:BAM_TO_BED (GSM8325907.1)	COMPLETED	0	1	1785387646949	1785387647043	1785387650196	3247	3193	1	2147483648	104.1	10301440	10301440	169005056	236249088	170014856	180143961	0	180146176	${NXF_WORK}/db/4c12f77333f53265668e0f0e29fdcd
112	a2/bcea6f	RIBOFLOW:GENOME_ALIGN:SAMTOOLS_MERGE	GSM8325907	RIBOFLOW:GENOME_ALIGN:SAMTOOLS_MERGE (GSM8325907)	COMPLETED	0	1	1785387649036	1785387649134	1785387650830	1794	1744	4	8589934592	383.7	15069184	15069184	402178048	402178048	170006846	87504412	0	87568384	${NXF_WORK}/a2/bcea6f46c4c91cce21ed076082a36d
94	56/cff269	RIBOFLOW:RIBOPY_RNASEQ_SET	GSM8325911	RIBOFLOW:RIBOPY_RNASEQ_SET (GSM8325911)	COMPLETED	0	1	1785387638071	1785387638168	1785387651159	13088	13039	4	4294967296	102.3	301039616	301039616	947367936	947367936	1376892393	677210958	0	677212160	${NXF_WORK}/56/cff269eb85e126931cb4ee1a8e6f47
104	40/1865d2	RIBOFLOW:RNASEQ_GENOME_ALIGN:SAMTOOLS_QPASS	GSM8325907.1	RIBOFLOW:RNASEQ_GENOME_ALIGN:SAMTOOLS_QPASS (GSM8325907.1)	COMPLETED	0	1	1785387639487	1785387639584	1785387651753	12266	12200	4	8589934592	364.3	17121280	17121280	475918336	541184000	2059225404	332527111	0	332951552	${NXF_WORK}/40/1865d28932eda257a10e31202a02d6
110	1f/ca05e3	RIBOFLOW:GENOME_ALIGN:SAMTOOLS_MERGE	GSM8325903	RIBOFLOW:GENOME_ALIGN:SAMTOOLS_MERGE (GSM8325903)	COMPLETED	0	1	1785387651161	1785387651259	1785387652116	955	903	4	8589934592	339.6	15069184	15069184	402178048	402178048	80707088	42496557	0	42528768	${NXF_WORK}/1f/ca05e3f4ae061b43f9a9c7787f6030
111	32/fe94a2	RIBOFLOW:GENOME_ALIGN:SAMTOOLS_MERGE	GSM8325911	RIBOFLOW:GENOME_ALIGN:SAMTOOLS_MERGE (GSM8325911)	COMPLETED	0	1	1785387650832	1785387650930	1785387652445	1613	1560	4	8589934592	364.2	15044608	15044608	402178048	402178048	145756200	75485629	0	75542528	${NXF_WORK}/32/fe94a2117a699540bf7f4dbe940512
123	73/522d4e	RIBOFLOW:RNASEQ_GENOME_STATS:RNASEQ_GENOME_STATS_INDIVIDUAL	GSM8325907.1	RIBOFLOW:RNASEQ_GENOME_STATS:RNASEQ_GENOME_STATS_INDIVIDUAL (GSM8325907.1)	COMPLETED	0	1	1785387652125	1785387652217	1785387652499	374	306	1	2147483648	98.4	53862400	53862400	259747840	259964928	22851583	5583	0	4096	${NXF_WORK}/73/522d4e30ea5f9044229b0391671863
118	14/e07f79	RIBOFLOW:RIBOPY_MERGE	all	RIBOFLOW:RIBOPY_MERGE (all)	COMPLETED	0	1	1785387652119	1785387652216	1785387653164	1045	986	4	4294967296	128.0	33898496	33898496	656420864	656420864	68466563	31362387	0	31358976	${NXF_WORK}/14/e07f798e4c8525c2cd2ee1a7474123
128	b6/1addb2	RIBOFLOW:RNASEQ_GENOME_STATS:RNASEQ_GENOME_STATS_SUM	GSM8325911	RIBOFLOW:RNASEQ_GENOME_STATS:RNASEQ_GENOME_STATS_SUM (GSM8325911)	COMPLETED	0	1	1785387653170	1785387653264	1785387653524	354	300	1	2147483648	100.7	39030784	39030784	236568576	236568576	22225804	1986	0	4096	${NXF_WORK}/b6/1addb237c7d9750d0cfbab42d2a311
129	b1/9df978	RIBOFLOW:RNASEQ_GENOME_STATS:RNASEQ_GENOME_STATS_SUM	GSM8325907	RIBOFLOW:RNASEQ_GENOME_STATS:RNASEQ_GENOME_STATS_SUM (GSM8325907)	COMPLETED	0	1	1785387653527	1785387653625	1785387653880	353	292	1	2147483648	99.4	42086400	42086400	239591424	239591424	22225802	1988	0	4096	${NXF_WORK}/b1/9df978fe87c5e56aec793ed4d9a679
127	35/d79215	RIBOFLOW:RNASEQ_GENOME_STATS:RNASEQ_GENOME_STATS_SUM	GSM8325903	RIBOFLOW:RNASEQ_GENOME_STATS:RNASEQ_GENOME_STATS_SUM (GSM8325903)	COMPLETED	0	1	1785387653884	1785387653980	1785387654242	358	286	1	2147483648	98.6	38260736	38260736	235794432	235974656	22225799	1984	0	4096	${NXF_WORK}/35/d792155be3b7c2e499c7d18d67069b
126	8a/d54fe9	RIBOFLOW:RNASEQ_GENOME_STATS:RNASEQ_GENOME_COMBINE_INDIVIDUAL	-	RIBOFLOW:RNASEQ_GENOME_STATS:RNASEQ_GENOME_COMBINE_INDIVIDUAL	COMPLETED	0	1	1785387654245	1785387654342	1785387654891	646	589	1	2147483648	99.0	31637504	31637504	226062336	226062336	44367119	3154	0	8192	${NXF_WORK}/8a/d54fe991b052d8447a212e708dbccc
130	b9/f82955	RIBOFLOW:RNASEQ_GENOME_STATS:RNASEQ_GENOME_COMBINE_MERGED	-	RIBOFLOW:RNASEQ_GENOME_STATS:RNASEQ_GENOME_COMBINE_MERGED	COMPLETED	0	1	1785387654894	1785387654991	1785387655534	640	589	1	2147483648	100.8	33660928	33660928	235368448	235368448	44367070	3114	0	8192	${NXF_WORK}/b9/f829552eadd088c873a0e544450b10
113	a4/75ce83	RIBOFLOW:RNASEQ_GENOME_ALIGN:BAM_TO_BED	GSM8325903.1	RIBOFLOW:RNASEQ_GENOME_ALIGN:BAM_TO_BED (GSM8325903.1)	COMPLETED	0	1	1785387646952	1785387647043	1785387655629	8677	8630	1	2147483648	102.4	10383360	10383360	169005056	236249088	375184451	243441816	0	243441664	${NXF_WORK}/a4/75ce838cd4452e10624b86129a4955
131	0b/be6f27	RIBOFLOW:RNASEQ_GENOME_STATS:RNASEQ_GENOME_STATS_PUBLISH	-	RIBOFLOW:RNASEQ_GENOME_STATS:RNASEQ_GENOME_STATS_PUBLISH	COMPLETED	0	1	1785387655632	1785387655729	1785387655751	119	7	1	2147483648	132.6	0	0	0	0	97304	2916	0	8192	${NXF_WORK}/0b/be6f271640931a97d2e828ed718791
121	48/6962fb	RIBOFLOW:RNASEQ_GENOME_ALIGN:SAMTOOLS_MERGE	GSM8325911	RIBOFLOW:RNASEQ_GENOME_ALIGN:SAMTOOLS_MERGE (GSM8325911)	COMPLETED	0	1	1785387652448	1785387652499	1785387658603	6155	6104	4	8589934592	359.3	15073280	15073280	402178048	468365312	446706525	225129589	0	225402880	${NXF_WORK}/48/6962fba26e24cd76ea6a0a6c0b472c
115	ba/613afb	RIBOFLOW:RNASEQ_GENOME_ALIGN:BAM_TO_BED	GSM8325911.1	RIBOFLOW:RNASEQ_GENOME_ALIGN:BAM_TO_BED (GSM8325911.1)	COMPLETED	0	1	1785387649789	1785387649887	1785387661040	11251	11203	1	2147483648	100.0	10293248	10293248	169005056	236249088	446722701	306634261	0	306634752	${NXF_WORK}/ba/613afbdb0bc02957421d9a59a168a5
122	d8/a2d33f	RIBOFLOW:RNASEQ_GENOME_ALIGN:SAMTOOLS_MERGE	GSM8325907	RIBOFLOW:RNASEQ_GENOME_ALIGN:SAMTOOLS_MERGE (GSM8325907)	COMPLETED	0	1	1785387653167	1785387653264	1785387662222	9055	9004	4	8589934592	364.3	17502208	17502208	405651456	405651456	661291945	332510022	0	332918784	${NXF_WORK}/d8/a2d33fc7c431849f3cce1cc738e816
120	fb/a3d862	RIBOFLOW:RNASEQ_GENOME_ALIGN:SAMTOOLS_MERGE	GSM8325903	RIBOFLOW:RNASEQ_GENOME_ALIGN:SAMTOOLS_MERGE (GSM8325903)	COMPLETED	0	1	1785387658606	1785387658705	1785387663430	4824	4774	4	8589934592	374.2	14999552	14999552	402178048	402178048	375170329	189341760	0	189554688	${NXF_WORK}/fb/a3d862aef5c60064608ac5078dd7a2
119	e4/85e78d	RIBOFLOW:RNASEQ_GENOME_ALIGN:BAM_TO_BED	GSM8325907.1	RIBOFLOW:RNASEQ_GENOME_ALIGN:BAM_TO_BED (GSM8325907.1)	COMPLETED	0	1	1785387652122	1785387652216	1785387669464	17342	17292	1	2147483648	97.3	10379264	10379264	169005056	236249088	661314544	463757925	0	463757312	${NXF_WORK}/e4/85e78dec3534c3bea575ae0b2837b7
124	b3/bb148f	RIBOFLOW:GENOME_ALIGN:UMICOLLAPSE_DEDUP	GSM8325903	RIBOFLOW:GENOME_ALIGN:UMICOLLAPSE_DEDUP (GSM8325903)	COMPLETED	0	1	1785387662225	1785387662322	1785387673161	10936	10873	4	8589934592	206.9	1693704192	1722908672	17931751424	17931751424	347653478	104634819	0	104706048	${NXF_WORK}/b3/bb148f5ef525ab8f24da1b2340b20e
117	ea/1ba6c6	RIBOFLOW:GENOME_ALIGN:UMICOLLAPSE_DEDUP	GSM8325907	RIBOFLOW:GENOME_ALIGN:UMICOLLAPSE_DEDUP (GSM8325907)	COMPLETED	0	1	1785387651756	1785387651853	1785387673807	22051	21986	4	8589934592	168.8	2140213248	2155737088	17930702848	17930702848	730436127	219263760	0	219348992	${NXF_WORK}/ea/1ba6c600b0d3d3902dc4b86eadbfd4
140	ff/e6453e	RIBOFLOW:GENOME_ALIGN:SPLIT_DEDUP_BAM	GSM8325903.1	RIBOFLOW:GENOME_ALIGN:SPLIT_DEDUP_BAM (GSM8325903.1)	COMPLETED	0	1	1785387673174	1785387673262	1785387675594	2420	2348	4	8589934592	226.7	12013568	12013568	475914240	541179904	273922162	115694792	0	115732480	${NXF_WORK}/ff/e6453e57ad8a9ff3cf482d722cc95c
144	9c/ae5d07	RIBOFLOW:ALIGNMENT_STATS:STATS_INDIVIDUAL	GSM8325903.1	RIBOFLOW:ALIGNMENT_STATS:STATS_INDIVIDUAL (GSM8325903.1)	COMPLETED	0	1	1785387675609	1785387675694	1785387675977	368	299	1	2147483648	100.7	43835392	43835392	247443456	247492608	22856361	5555	0	4096	${NXF_WORK}/9c/ae5d07daab7e48c1a0e84c07964ed3
135	57/df94ee	RIBOFLOW:RNASEQ_GENOME_ALIGN:RNASEQ_CONCAT_QPASS_BED_NONE	GSM8325903	RIBOFLOW:RNASEQ_GENOME_ALIGN:RNASEQ_CONCAT_QPASS_BED_NONE (GSM8325903)	COMPLETED	0	1	1785387669471	1785387669564	1785387676353	6882	6830	1	2147483648	100.8	18022400	18022400	44658688	44658688	957232755	957139210	0	713830400	${NXF_WORK}/57/df94ee3dfd2721eacd71fdd4693e2c
136	a4/02c351	RIBOFLOW:RNASEQ_GENOME_ALIGN:RNASEQ_CONCAT_QPASS_BED_NONE	GSM8325911	RIBOFLOW:RNASEQ_GENOME_ALIGN:RNASEQ_CONCAT_QPASS_BED_NONE (GSM8325911)	COMPLETED	0	1	1785387669475	1785387669565	1785387678530	9055	9005	1	2147483648	100.3	18300928	18300928	44658688	44658688	1221243521	1221149980	0	914661376	${NXF_WORK}/a4/02c3515e2e6dee1771221e7c3079c3
143	e0/549a70	RIBOFLOW:GENOME_ALIGN:SPLIT_DEDUP_BAM	GSM8325907.1	RIBOFLOW:GENOME_ALIGN:SPLIT_DEDUP_BAM (GSM8325907.1)	COMPLETED	0	1	1785387673815	1785387673906	1785387678595	4780	4710	4	8589934592	240.9	12054528	12054528	475914240	543023104	574876761	249279125	0	249348096	${NXF_WORK}/e0/549a708699e3ef3ff01b37fdf6c51c
145	2d/ad3bfe	RIBOFLOW:ALIGNMENT_STATS:STATS_INDIVIDUAL	GSM8325907.1	RIBOFLOW:ALIGNMENT_STATS:STATS_INDIVIDUAL (GSM8325907.1)	COMPLETED	0	1	1785387678610	1785387678695	1785387678973	363	292	1	2147483648	103.2	44191744	44191744	247795712	247844864	22856475	5561	0	4096	${NXF_WORK}/2d/ad3bfe59fe46723d5384127adee49b
125	3a/bc53e3	RIBOFLOW:GENOME_ALIGN:UMICOLLAPSE_DEDUP	GSM8325911	RIBOFLOW:GENOME_ALIGN:UMICOLLAPSE_DEDUP (GSM8325911)	COMPLETED	0	1	1785387663434	1785387663530	1785387682085	18651	18582	4	8589934592	177.1	1823006720	1876754432	17998860288	18065969152	624848369	187478586	4096	187543552	${NXF_WORK}/3a/bc53e3895a0b64e5c8bdbfd59e9989
137	c1/b0b38c	RIBOFLOW:RNASEQ_GENOME_ALIGN:RNASEQ_CONCAT_QPASS_BED_NONE	GSM8325907	RIBOFLOW:RNASEQ_GENOME_ALIGN:RNASEQ_CONCAT_QPASS_BED_NONE (GSM8325907)	COMPLETED	0	1	1785387669473	1785387669565	1785387683285	13812	13764	1	2147483648	100.8	18259968	18259968	44658688	44658688	1844168347	1844074802	0	1380515840	${NXF_WORK}/c1/b0b38c88d2bee617da2470d701683b
148	fe/3089d4	RIBOFLOW:GENOME_ALIGN:SPLIT_DEDUP_BAM	GSM8325911.1	RIBOFLOW:GENOME_ALIGN:SPLIT_DEDUP_BAM (GSM8325911.1)	COMPLETED	0	1	1785387682100	1785387682186	1785387686086	3986	3908	4	8589934592	256.8	12095488	12095488	475914240	475914240	492159508	211107031	0	211169280	${NXF_WORK}/fe/3089d4b8761741d5a59cf418f75535
149	7f/9e6201	RIBOFLOW:ALIGNMENT_STATS:STATS_INDIVIDUAL	GSM8325911.1	RIBOFLOW:ALIGNMENT_STATS:STATS_INDIVIDUAL (GSM8325911.1)	COMPLETED	0	1	1785387686100	1785387686187	1785387686470	370	297	1	2147483648	101.7	45375488	45375488	249860096	249909248	22856503	5559	0	4096	${NXF_WORK}/7f/9e62014c55e3da2a485b57b6305ec3
155	a6/64227b	RIBOFLOW:ALIGNMENT_STATS:STATS_SUM	GSM8325907	RIBOFLOW:ALIGNMENT_STATS:STATS_SUM (GSM8325907)	COMPLETED	0	1	1785387686488	1785387686571	1785387687096	608	550	1	2147483648	100.3	31981568	31981568	227401728	227401728	44264205	2723	0	8192	${NXF_WORK}/a6/64227bcf02cb51513d9b842236e777
153	81/eb1013	RIBOFLOW:ALIGNMENT_STATS:COMBINE_INDIVIDUAL	-	RIBOFLOW:ALIGNMENT_STATS:COMBINE_INDIVIDUAL	COMPLETED	0	1	1785387686485	1785387686570	1785387687098	613	561	1	2147483648	100.2	32940032	32940032	228831232	228831232	44367083	3140	0	8192	${NXF_WORK}/81/eb1013dba38da3ca5f43837efe6384
156	22/dd0c05	RIBOFLOW:ALIGNMENT_STATS:STATS_SUM	GSM8325911	RIBOFLOW:ALIGNMENT_STATS:STATS_SUM (GSM8325911)	COMPLETED	0	1	1785387686492	1785387686571	1785387687107	615	561	1	2147483648	100.3	32845824	32845824	228659200	228659200	44264204	2721	0	8192	${NXF_WORK}/22/dd0c0508f9c6f1c48bba75604ea523
154	ea/490d30	RIBOFLOW:ALIGNMENT_STATS:STATS_SUM	GSM8325903	RIBOFLOW:ALIGNMENT_STATS:STATS_SUM (GSM8325903)	COMPLETED	0	1	1785387686481	1785387686570	1785387687107	626	568	1	2147483648	99.0	31875072	31875072	226353152	226353152	44264197	2713	0	8192	${NXF_WORK}/ea/490d30416cf480fc6f186c8af9f166
150	58/56c469	RIBOFLOW:GENOME_ALIGN:CONCAT_POST_DEDUP_BED	GSM8325903	RIBOFLOW:GENOME_ALIGN:CONCAT_POST_DEDUP_BED (GSM8325903)	COMPLETED	0	1	1785387686106	1785387686187	1785387687581	1475	1420	1	2147483648	102.3	17743872	17743872	44658688	44658688	224036054	223942511	0	149319680	${NXF_WORK}/58/56c469e94e7fb7c329ebe0a31a79ca
157	f6/780063	RIBOFLOW:ALIGNMENT_STATS:COMBINE_MERGED	-	RIBOFLOW:ALIGNMENT_STATS:COMBINE_MERGED	COMPLETED	0	1	1785387687114	1785387687207	1785387687716	602	551	1	2147483648	100.4	37752832	37752832	235368448	235368448	44367084	3098	0	8192	${NXF_WORK}/f6/7800634e58ebf44641ae2c1feffa1b
158	70/4622f6	RIBOFLOW:ALIGNMENT_STATS:STATS_PUBLISH	-	RIBOFLOW:ALIGNMENT_STATS:STATS_PUBLISH	COMPLETED	0	1	1785387687725	1785387687817	1785387687825	100	6	1	2147483648	74.0	0	0	0	0	97309	2928	0	8192	${NXF_WORK}/70/4622f6e14743a4526a11594a64d3b4
152	d2/e3d8cb	RIBOFLOW:GENOME_ALIGN:CONCAT_POST_DEDUP_BED	GSM8325911	RIBOFLOW:GENOME_ALIGN:CONCAT_POST_DEDUP_BED (GSM8325911)	COMPLETED	0	1	1785387686103	1785387686187	1785387689093	2990	2938	1	2147483648	101.2	18522112	18522112	44658688	44658688	505469652	505376114	0	366796800	${NXF_WORK}/d2/e3d8cbc20512876dedfa85f2170c95
151	73/76a89a	RIBOFLOW:GENOME_ALIGN:CONCAT_POST_DEDUP_BED	GSM8325907	RIBOFLOW:GENOME_ALIGN:CONCAT_POST_DEDUP_BED (GSM8325907)	COMPLETED	0	1	1785387686108	1785387686188	1785387689643	3535	3483	1	2147483648	101.5	18546688	18546688	44658688	44658688	585062708	584969164	0	419844096	${NXF_WORK}/73/76a89ad9bba1c8d546dbdc42a38a80
