task_id	hash	process	tag	name	status	exit	attempt	submit	start	complete	duration	realtime	cpus	memory	%cpu	rss	peak_rss	vmem	peak_vmem	rchar	wchar	read_bytes	write_bytes	workdir
2	14/bf4667	RIBOFLOW:PREPROCESS:CUTADAPT_CLIP	GSM8325903.1	RIBOFLOW:PREPROCESS:CUTADAPT_CLIP (GSM8325903.1)	COMPLETED	0	1	1785384392646	1785384392692	1785384436521	43875	43821	4	2147483648	243.3	168652800	175624192	566095872	796889088	6642456586	6301504624	0	158724096	${NXF_WORK}/14/bf46671312508d420df070f7800e91
11	17/56fd75	RIBOFLOW:PREPROCESS:CUTADAPT_CLIP	GSM8325911.1	RIBOFLOW:PREPROCESS:CUTADAPT_CLIP (GSM8325911.1)	COMPLETED	0	1	1785384392654	1785384392693	1785384472234	79580	79449	4	2147483648	238.7	165167104	192745472	566411264	796348416	11788588073	11237774924	0	287629312	${NXF_WORK}/17/56fd754202e057736ef76f7780ca7b
6	fc/c0d6fd	RIBOFLOW:PREPROCESS:CUTADAPT_CLIP	GSM8325907.1	RIBOFLOW:PREPROCESS:CUTADAPT_CLIP (GSM8325907.1)	COMPLETED	0	1	1785384392650	1785384392692	1785384480038	87388	87333	4	2147483648	229.8	170893312	204050432	571322368	796790784	12366039710	11813783508	0	313135104	${NXF_WORK}/fc/c0d6fdb79b469c2ca0648121a9c9c9
13	97/e202c6	RIBOFLOW:WRITE_CORRESPONDENCE	-	RIBOFLOW:WRITE_CORRESPONDENCE (1)	COMPLETED	0	1	1785384480042	1785384480139	1785384480222	180	5	1	2147483648	74.4	0	0	0	0	90401	1802	0	4096	${NXF_WORK}/97/e202c6aa3d2c3d5d323087da1464a6
4	5a/ea74d6	RIBOFLOW:RNASEQ_PREPROCESS:CUTADAPT_CLIP_RNASEQ	GSM8325903.1	RIBOFLOW:RNASEQ_PREPROCESS:CUTADAPT_CLIP_RNASEQ (GSM8325903.1)	COMPLETED	0	1	1785384392633	1785384392688	1785384520682	128049	127993	4	2147483648	124.4	175144960	183001088	584544256	806297600	6711788066	6670498849	0	321474560	${NXF_WORK}/5a/ea74d604684d39ca460063b99c883b
15	85/3daf2a	RIBOFLOW:PREPROCESS:UMITOOLS_EXTRACT	GSM8325903.1	RIBOFLOW:PREPROCESS:UMITOOLS_EXTRACT (GSM8325903.1)	COMPLETED	0	1	1785384480046	1785384480143	1785384602692	122646	122590	1	2147483648	100.3	137261056	137261056	2507112448	2507112448	184576839	150129747	0	150171648	${NXF_WORK}/85/3daf2a7289b4ce1a6edcf37eb2a35f
9	f6/d87b38	RIBOFLOW:RNASEQ_PREPROCESS:CUTADAPT_CLIP_RNASEQ	GSM8325911.1	RIBOFLOW:RNASEQ_PREPROCESS:CUTADAPT_CLIP_RNASEQ (GSM8325911.1)	COMPLETED	0	1	1785384472239	1785384472334	1785384628738	156499	156446	4	2147483648	126.0	182767616	191406080	588275712	806313984	8406331551	8355485665	0	394076160	${NXF_WORK}/f6/d87b38fe27946b87356fd244b3c266
20	d6/fa65dc	RIBOFLOW:PREPROCESS:BOWTIE2_FILTER	GSM8325903.1	RIBOFLOW:PREPROCESS:BOWTIE2_FILTER (GSM8325903.1)	COMPLETED	0	1	1785384628747	1785384628838	1785384655081	26334	26266	8	8589934592	778.4	953352192	953352192	7598551040	7611326464	4831277960	4000169159	0	216936448	${NXF_WORK}/d6/fa65dc47acec37ed86aee48e15370e
21	31/4dc4ca	RIBOFLOW:TRANSCRIPTOME_ALIGN:BOWTIE2_TRANSCRIPTOME	GSM8325903.1	RIBOFLOW:TRANSCRIPTOME_ALIGN:BOWTIE2_TRANSCRIPTOME (GSM8325903.1)	COMPLETED	0	1	1785384655101	1785384655181	1785384674683	19582	19507	8	8589934592	566.1	629624832	630980608	7653916672	7683129344	2570332016	2085520659	0	105172992	${NXF_WORK}/31/4dc4ca4a031eaee3a4f12c749bb161
23	2a/61c541	RIBOFLOW:TRANSCRIPTOME_ALIGN:SAMTOOLS_QPASS	GSM8325903.1	RIBOFLOW:TRANSCRIPTOME_ALIGN:SAMTOOLS_QPASS (GSM8325903.1)	COMPLETED	0	1	1785384675690	1785384675785	1785384676531	841	784	4	8589934592	347.4	22892544	22892544	34066432	34066432	113139775	31388737	0	31412224	${NXF_WORK}/2a/61c541565ec22d0b5d32f8e6c5c97f
5	c7/341b1e	RIBOFLOW:RNASEQ_PREPROCESS:CUTADAPT_CLIP_RNASEQ	GSM8325907.1	RIBOFLOW:RNASEQ_PREPROCESS:CUTADAPT_CLIP_RNASEQ (GSM8325907.1)	COMPLETED	0	1	1785384436531	1785384436622	1785384677992	241461	241407	4	2147483648	125.3	177766400	183816192	586420224	806248448	12717047177	12641106411	0	605683712	${NXF_WORK}/c7/341b1eaa279894392cce6020a64f8a
16	3b/63a329	RIBOFLOW:PREPROCESS:UMITOOLS_EXTRACT	GSM8325911.1	RIBOFLOW:PREPROCESS:UMITOOLS_EXTRACT (GSM8325911.1)	COMPLETED	0	1	1785384480050	1785384480143	1785384699629	219579	219528	1	2147483648	100.3	137084928	137084928	2506944512	2506944512	313482072	271885354	0	271953920	${NXF_WORK}/3b/63a329eaaa6ee7f009a7263586374b
19	66/f21523	RIBOFLOW:PREPROCESS:UMITOOLS_EXTRACT	GSM8325907.1	RIBOFLOW:PREPROCESS:UMITOOLS_EXTRACT (GSM8325907.1)	COMPLETED	0	1	1785384480054	1785384480147	1785384722639	242585	242535	1	2147483648	100.2	136994816	136994816	2507063296	2507063296	338988647	296153574	0	296226816	${NXF_WORK}/66/f21523d75e562b1b1cd33144a0ca93
28	88/e29037	RIBOFLOW:RNASEQ_PREPROCESS:BOWTIE2_FILTER_RNASEQ	GSM8325911.1	RIBOFLOW:RNASEQ_PREPROCESS:BOWTIE2_FILTER_RNASEQ (GSM8325911.1)	COMPLETED	0	1	1785384722643	1785384722742	1785384890630	167987	167918	8	8589934592	658.5	150188032	150188032	7479996416	7559217152	7719340679	7716511508	0	401281024	${NXF_WORK}/88/e29037c1ab4424bc7f6f0a9088bc14
30	e0/f8953d	RIBOFLOW:RNASEQ_PREPROCESS:BOWTIE2_FILTER_RNASEQ	GSM8325907.1	RIBOFLOW:RNASEQ_PREPROCESS:BOWTIE2_FILTER_RNASEQ (GSM8325907.1)	COMPLETED	0	1	1785384678999	1785384679093	1785384935934	256935	256859	8	8589934592	686.1	142340096	142340096	7479468032	7557681152	11672505719	11672768335	0	616026112	${NXF_WORK}/e0/f8953d546784046505a747b8fd4456
32	1a/e9945f	RIBOFLOW:PREPROCESS:BOWTIE2_FILTER	GSM8325911.1	RIBOFLOW:PREPROCESS:BOWTIE2_FILTER (GSM8325911.1)	COMPLETED	0	1	1785384935939	1785384936034	1785384988057	52118	52047	8	8589934592	671.9	1691082752	1749618688	7699214336	7711989760	8802832900	7291450640	0	390774784	${NXF_WORK}/1a/e9945fcdea25e2bc223ad98e6b0c73
26	68/b3e95a	RIBOFLOW:RNASEQ_PREPROCESS:BOWTIE2_FILTER_RNASEQ	GSM8325903.1	RIBOFLOW:RNASEQ_PREPROCESS:BOWTIE2_FILTER_RNASEQ (GSM8325903.1)	COMPLETED	0	1	1785384890634	1785384890731	1785385027007	136373	136307	8	8589934592	638.5	148447232	148447232	7479734272	7549513728	6166174346	6159813262	0	325238784	${NXF_WORK}/68/b3e95aa4d9f0233f0658b434028efe
33	90/220eba	RIBOFLOW:PREPROCESS:BOWTIE2_FILTER	GSM8325907.1	RIBOFLOW:PREPROCESS:BOWTIE2_FILTER (GSM8325907.1)	COMPLETED	0	1	1785384988061	1785384988157	1785385046102	58041	57970	8	8589934592	664.0	1774030848	1928417280	7699218432	7711993856	9529766001	7888573342	0	423612416	${NXF_WORK}/90/220ebab1f45248652f7c0406fc7a0c
35	4c/779e3b	RIBOFLOW:TRANSCRIPTOME_ALIGN:BOWTIE2_TRANSCRIPTOME	GSM8325911.1	RIBOFLOW:TRANSCRIPTOME_ALIGN:BOWTIE2_TRANSCRIPTOME (GSM8325911.1)	COMPLETED	0	1	1785385027011	1785385027107	1785385066804	39793	39716	8	8589934592	488.2	973271040	973271040	7704248320	7716536320	4609855077	3804018904	0	186003456	${NXF_WORK}/4c/779e3bc76532c403c7f1697313c412
36	e1/0937b0	RIBOFLOW:RNASEQ_TRANSCRIPTOME_ALIGN:BOWTIE2_TRANSCRIPTOME_RNASEQ	GSM8325911.1	RIBOFLOW:RNASEQ_TRANSCRIPTOME_ALIGN:BOWTIE2_TRANSCRIPTOME_RNASEQ (GSM8325911.1)	COMPLETED	0	1	1785385066811	1785385066904	1785385198148	131337	131270	8	8589934592	778.0	2378260480	2378260480	7835422720	7860547584	11753073772	9177446557	0	192208896	${NXF_WORK}/e1/0937b055612c3a48bdaee95be1d766
37	f2/f50d40	RIBOFLOW:RNASEQ_TRANSCRIPTOME_ALIGN:BOWTIE2_TRANSCRIPTOME_RNASEQ	GSM8325907.1	RIBOFLOW:RNASEQ_TRANSCRIPTOME_ALIGN:BOWTIE2_TRANSCRIPTOME_RNASEQ (GSM8325907.1)	COMPLETED	0	1	1785385046106	1785385046202	1785385243592	197486	197418	8	8589934592	784.7	3429011456	3482902528	7835422720	7835422720	17609295433	13762374396	0	280997888	${NXF_WORK}/f2/f50d407f1ed4bb89c3a96531ab31df
43	37/ef2505	RIBOFLOW:TRANSCRIPTOME_ALIGN:BOWTIE2_TRANSCRIPTOME	GSM8325907.1	RIBOFLOW:TRANSCRIPTOME_ALIGN:BOWTIE2_TRANSCRIPTOME (GSM8325907.1)	COMPLETED	0	1	1785385243599	1785385243692	1785385289735	46136	46063	8	8589934592	436.2	1000824832	1030279168	7704252416	7716933632	5257395700	4360279504	0	209870848	${NXF_WORK}/37/ef250538ec4c2725c2f351e3dfdc69
44	57/713e9c	RIBOFLOW:TRANSCRIPTOME_ALIGN:SAMTOOLS_QPASS	GSM8325911.1	RIBOFLOW:TRANSCRIPTOME_ALIGN:SAMTOOLS_QPASS (GSM8325911.1)	COMPLETED	0	1	1785385289738	1785385289835	1785385291542	1804	1746	4	8589934592	286.2	30117888	30117888	492335104	558526464	197279440	54269969	0	54312960	${NXF_WORK}/57/713e9c955b5df9c0de77709395ad76
47	a1/e3944e	RIBOFLOW:RNASEQ_TRANSCRIPTOME_ALIGN:SAMTOOLS_QPASS	GSM8325911.1	RIBOFLOW:RNASEQ_TRANSCRIPTOME_ALIGN:SAMTOOLS_QPASS (GSM8325911.1)	COMPLETED	0	1	1785385289742	1785385289836	1785385294442	4700	4646	4	8589934592	303.1	30044160	30044160	492335104	558526464	422400003	116910464	0	117075968	${NXF_WORK}/a1/e3944eebab5016072fef89e09d7bd6
51	6f/ea1c73	RIBOFLOW:TRANSCRIPTOME_ALIGN:SAMTOOLS_QPASS	GSM8325907.1	RIBOFLOW:TRANSCRIPTOME_ALIGN:SAMTOOLS_QPASS (GSM8325907.1)	COMPLETED	0	1	1785385294446	1785385294543	1785385296465	2019	1965	4	8589934592	298.7	30150656	30150656	492335104	492335104	231837969	63716935	0	63766528	${NXF_WORK}/6f/ea1c7355b248799e9fa5034dccded3
52	8a/330bda	RIBOFLOW:RNASEQ_TX_STATS:RNASEQ_TX_STATS_INDIVIDUAL	GSM8325911.1	RIBOFLOW:RNASEQ_TX_STATS:RNASEQ_TX_STATS_INDIVIDUAL (GSM8325911.1)	COMPLETED	0	1	1785385296469	1785385296565	1785385296583	114	17	1	2147483648	78.8	0	0	0	0	187751	3644	0	4096	${NXF_WORK}/8a/330bdaed1c4649c054f9c2c8118f82
53	71/56ea20	RIBOFLOW:TRANSCRIPTOME_ALIGN:SAMTOOLS_MERGE	GSM8325903	RIBOFLOW:TRANSCRIPTOME_ALIGN:SAMTOOLS_MERGE (GSM8325903)	COMPLETED	0	1	1785385296587	1785385296683	1785385297417	830	774	4	8589934592	314.5	37642240	37642240	50581504	50585600	60808534	31388527	0	31408128	${NXF_WORK}/71/56ea205443f6ee9ed6ede68f550c04
48	20/a39d0b	RIBOFLOW:RNASEQ_TRANSCRIPTOME_ALIGN:SAMTOOLS_QPASS	GSM8325907.1	RIBOFLOW:RNASEQ_TRANSCRIPTOME_ALIGN:SAMTOOLS_QPASS (GSM8325907.1)	COMPLETED	0	1	1785385291548	1785385291643	1785385298141	6593	6531	4	8589934592	309.6	30076928	30076928	492335104	559443968	601373016	162100174	0	162332672	${NXF_WORK}/20/a39d0b6715c93fc0a51230d9a4fbce
55	95/ab8f0e	RIBOFLOW:TRANSCRIPTOME_ALIGN:SAMTOOLS_MERGE	GSM8325907	RIBOFLOW:TRANSCRIPTOME_ALIGN:SAMTOOLS_MERGE (GSM8325907)	COMPLETED	0	1	1785385297421	1785385297518	1785385298922	1501	1449	4	8589934592	364.4	45244416	45244416	433430528	433430528	125337341	63716725	0	63762432	${NXF_WORK}/95/ab8f0e3ff3d2e1880ad06fe0c0f822
38	b6/a4943e	RIBOFLOW:RNASEQ_TRANSCRIPTOME_ALIGN:BOWTIE2_TRANSCRIPTOME_RNASEQ	GSM8325903.1	RIBOFLOW:RNASEQ_TRANSCRIPTOME_ALIGN:BOWTIE2_TRANSCRIPTOME_RNASEQ (GSM8325903.1)	COMPLETED	0	1	1785385198152	1785385198248	1785385299104	100952	100888	8	8589934592	804.0	1940066304	1940066304	7734759424	7759884288	9359183872	7287428703	0	160636928	${NXF_WORK}/b6/a4943e1f9a16e8ce142984df45db58
57	90/5f4dbf	RIBOFLOW:RNASEQ_TX_STATS:RNASEQ_TX_STATS_INDIVIDUAL	GSM8325907.1	RIBOFLOW:RNASEQ_TX_STATS:RNASEQ_TX_STATS_INDIVIDUAL (GSM8325907.1)	COMPLETED	0	1	1785385299108	1785385299204	1785385299219	111	16	1	2147483648	122.3	0	0	0	0	187758	3649	0	4096	${NXF_WORK}/90/5f4dbf7d5484d05b7a3cfc7d86b33a
54	8d/436ddb	RIBOFLOW:TRANSCRIPTOME_ALIGN:SAMTOOLS_MERGE	GSM8325911	RIBOFLOW:TRANSCRIPTOME_ALIGN:SAMTOOLS_MERGE (GSM8325911)	COMPLETED	0	1	1785385298144	1785385298241	1785385299476	1332	1278	4	8589934592	344.9	37625856	37625856	404680704	404680704	106459873	54269759	0	54308864	${NXF_WORK}/8d/436ddbdc6da3c2419a1fce1f07ae7a
59	9b/21b174	RIBOFLOW:RNASEQ_TRANSCRIPTOME_ALIGN:SAMTOOLS_QPASS	GSM8325903.1	RIBOFLOW:RNASEQ_TRANSCRIPTOME_ALIGN:SAMTOOLS_QPASS (GSM8325903.1)	COMPLETED	0	1	1785385299223	1785385299321	1785385302283	3060	3006	4	8589934592	374.0	29937664	29937664	492335104	492335104	349598466	96259276	0	96391168	${NXF_WORK}/9b/21b174b9fa41ecc3c6c33c08e93ca0
61	37/f83d5f	RIBOFLOW:RNASEQ_TX_STATS:RNASEQ_TX_STATS_INDIVIDUAL	GSM8325903.1	RIBOFLOW:RNASEQ_TX_STATS:RNASEQ_TX_STATS_INDIVIDUAL (GSM8325903.1)	COMPLETED	0	1	1785385303289	1785385303388	1785385303405	116	16	1	2147483648	127.2	0	0	0	0	187747	3646	0	4096	${NXF_WORK}/37/f83d5f9be95263827f2eec1523f1e2
62	5e/54a694	RIBOFLOW:RNASEQ_TRANSCRIPTOME_ALIGN:SAMTOOLS_MERGE	GSM8325911	RIBOFLOW:RNASEQ_TRANSCRIPTOME_ALIGN:SAMTOOLS_MERGE (GSM8325911)	COMPLETED	0	1	1785385303409	1785385303505	1785385307011	3602	3541	4	8589934592	353.8	45191168	45191168	433430528	433430528	231647072	116910173	0	117071872	${NXF_WORK}/5e/54a6942650381274d73c9b5b3c04f3
56	89/887435	RIBOFLOW:TRANSCRIPTOME_ALIGN:UMICOLLAPSE_DEDUP	GSM8325903	RIBOFLOW:TRANSCRIPTOME_ALIGN:UMICOLLAPSE_DEDUP (GSM8325903)	COMPLETED	0	1	1785385298926	1785385299023	1785385308128	9202	9151	4	8589934592	193.8	1236566016	1247150080	17864642560	17931751424	138645354	76967952	0	77021184	${NXF_WORK}/89/88743535073ff8accff68a5656c646
64	de/35e2d9	RIBOFLOW:RNASEQ_TRANSCRIPTOME_ALIGN:SAMTOOLS_MERGE	GSM8325903	RIBOFLOW:RNASEQ_TRANSCRIPTOME_ALIGN:SAMTOOLS_MERGE (GSM8325903)	COMPLETED	0	1	1785385308131	1785385308229	1785385310869	2738	2686	4	8589934592	367.9	45244416	45244416	433430528	433430528	190358611	96258983	0	96387072	${NXF_WORK}/de/35e2d93e2a98f7bf7fca9f6c6cac69
68	9a/e7d337	RIBOFLOW:RNASEQ_TX_STATS:RNASEQ_TX_STATS_SUM	GSM8325903	RIBOFLOW:RNASEQ_TX_STATS:RNASEQ_TX_STATS_SUM (GSM8325903)	COMPLETED	0	1	1785385310882	1785385310972	1785385311230	348	288	1	2147483648	101.2	40550400	40550400	237830144	238133248	22225657	1847	0	4096	${NXF_WORK}/9a/e7d3373427d9dbfb36cb357cf9fd9d
65	ed/425f4f	RIBOFLOW:RNASEQ_TX_STATS:RNASEQ_TX_STATS_SUM	GSM8325911	RIBOFLOW:RNASEQ_TX_STATS:RNASEQ_TX_STATS_SUM (GSM8325911)	COMPLETED	0	1	1785385310880	1785385310972	1785385311250	370	311	1	2147483648	100.0	41512960	41512960	238235648	238235648	22225652	1847	0	4096	${NXF_WORK}/ed/425f4fb485a29ae7bbbd41407c5558
67	26/f6275e	RIBOFLOW:RNASEQ_TX_STATS:RNASEQ_TX_STATS_SUM	GSM8325907	RIBOFLOW:RNASEQ_TX_STATS:RNASEQ_TX_STATS_SUM (GSM8325907)	COMPLETED	0	1	1785385310873	1785385310970	1785385311252	379	313	1	2147483648	98.9	39694336	39694336	237694976	237694976	22225660	1848	0	4096	${NXF_WORK}/26/f6275eccd305dbb3a98cad5a0dea9a
66	e7/fda260	RIBOFLOW:RNASEQ_TX_STATS:RNASEQ_TX_COMBINE_INDIVIDUAL	-	RIBOFLOW:RNASEQ_TX_STATS:RNASEQ_TX_COMBINE_INDIVIDUAL	COMPLETED	0	1	1785385310877	1785385310972	1785385311517	640	587	1	2147483648	99.3	31776768	31776768	226357248	226357248	44366502	3214	0	8192	${NXF_WORK}/e7/fda2602f5dc532ba7453072115ebb2
63	2b/557344	RIBOFLOW:RNASEQ_TRANSCRIPTOME_ALIGN:SAMTOOLS_MERGE	GSM8325907	RIBOFLOW:RNASEQ_TRANSCRIPTOME_ALIGN:SAMTOOLS_MERGE (GSM8325907)	COMPLETED	0	1	1785385307018	1785385307111	1785385311785	4767	4714	4	8589934592	380.0	45240320	45240320	433430528	433430528	321969032	162099884	0	162328576	${NXF_WORK}/2b/55734488680743e43dfcc41d182018
73	42/d83cc0	RIBOFLOW:RNASEQ_TX_STATS:RNASEQ_TX_COMBINE_MERGED	-	RIBOFLOW:RNASEQ_TX_STATS:RNASEQ_TX_COMBINE_MERGED	COMPLETED	0	1	1785385311520	1785385311617	1785385312148	628	575	1	2147483648	99.9	33050624	33050624	228798464	228798464	44366453	3172	0	8192	${NXF_WORK}/42/d83cc031cecbaf1cf2b580c0253647
70	53/db9be8	RIBOFLOW:TRANSCRIPTOME_ALIGN:TX_MERGED_DEDUP_BED	GSM8325903.null	RIBOFLOW:TRANSCRIPTOME_ALIGN:TX_MERGED_DEDUP_BED (GSM8325903.null)	COMPLETED	0	1	1785385311253	1785385311352	1785385312550	1297	1246	1	2147483648	100.0	26693632	26693632	175284224	242528256	61697817	175836862	0	175837184	${NXF_WORK}/53/db9be872ceb569220128f7c4b1d09d
75	0c/914019	RIBOFLOW:RNASEQ_TX_STATS:RNASEQ_TX_STATS_PUBLISH	-	RIBOFLOW:RNASEQ_TX_STATS:RNASEQ_TX_STATS_PUBLISH	COMPLETED	0	1	1785385312554	1785385312650	1785385312664	110	5	1	2147483648	69.9	0	0	0	0	97775	3392	0	8192	${NXF_WORK}/0c/9140194c81536ea5e4c789a13a09eb
71	da/c48381	RIBOFLOW:TRANSCRIPTOME_ALIGN:SPLIT_DEDUP_BAM	GSM8325903.1	RIBOFLOW:TRANSCRIPTOME_ALIGN:SPLIT_DEDUP_BAM (GSM8325903.1)	COMPLETED	0	1	1785385311790	1785385311885	1785385313659	1869	1807	4	8589934592	199.8	26677248	26677248	39542784	39542784	123829712	209207026	0	206213120	${NXF_WORK}/da/c48381c4c7f410eaec7c62661828ba
76	8a/9e41f5	RIBOFLOW:TRANSCRIPTOME_STATS:TX_STATS_INDIVIDUAL	GSM8325903.1	RIBOFLOW:TRANSCRIPTOME_STATS:TX_STATS_INDIVIDUAL (GSM8325903.1)	COMPLETED	0	1	1785385314663	1785385314760	1785385314782	119	15	1	2147483648	86.2	0	0	0	0	192527	3609	0	4096	${NXF_WORK}/8a/9e41f5e3e2d8edad36e8ddd2643cf0
60	71/825a45	RIBOFLOW:TRANSCRIPTOME_ALIGN:UMICOLLAPSE_DEDUP	GSM8325911	RIBOFLOW:TRANSCRIPTOME_ALIGN:UMICOLLAPSE_DEDUP (GSM8325911)	COMPLETED	0	1	1785385300481	1785385300578	1785385316087	15606	15547	4	8589934592	166.3	1923117056	1936728064	17998860288	18065969152	243368972	136095219	0	136138752	${NXF_WORK}/71/825a4569ab19ff5044c2269dd9eb93
72	50/87d09d	RIBOFLOW:RNASEQ_TRANSCRIPTOME_ALIGN:RNASEQ_TX_MERGED_QPASS_BED	GSM8325903.null	RIBOFLOW:RNASEQ_TRANSCRIPTOME_ALIGN:RNASEQ_TX_MERGED_QPASS_BED (GSM8325903.null)	COMPLETED	0	1	1785385311258	1785385311353	1785385316386	5128	5077	1	2147483648	103.4	26656768	26656768	175280128	242524160	190365120	514716609	0	514715648	${NXF_WORK}/50/87d09dd54ea308f524faf6b10b66d3
69	66/ad5e54	RIBOFLOW:RNASEQ_TRANSCRIPTOME_ALIGN:RNASEQ_TX_MERGED_QPASS_BED	GSM8325911.null	RIBOFLOW:RNASEQ_TRANSCRIPTOME_ALIGN:RNASEQ_TX_MERGED_QPASS_BED (GSM8325911.null)	COMPLETED	0	1	1785385311234	1785385311250	1785385317697	6463	6415	1	2147483648	104.0	26664960	26664960	175280128	242524160	231653575	665606806	0	665608192	${NXF_WORK}/66/ad5e544544c0fd4520f36efeb6cf9e
58	33/a389b8	RIBOFLOW:TRANSCRIPTOME_ALIGN:UMICOLLAPSE_DEDUP	GSM8325907	RIBOFLOW:TRANSCRIPTOME_ALIGN:UMICOLLAPSE_DEDUP (GSM8325907)	COMPLETED	0	1	1785385299111	1785385299206	1785385317709	18598	18545	4	8589934592	165.1	1955086336	1964949504	17998860288	18065969152	287445275	161301975	0	161361920	${NXF_WORK}/33/a389b878975ec1608720b434ecca9f
77	60/187390	RIBOFLOW:TRANSCRIPTOME_ALIGN:TX_MERGED_DEDUP_BED	GSM8325911.null	RIBOFLOW:TRANSCRIPTOME_ALIGN:TX_MERGED_DEDUP_BED (GSM8325911.null)	COMPLETED	0	1	1785385316390	1785385316486	1785385318585	2195	2143	1	2147483648	106.1	26710016	26710016	175284224	242528256	107514378	324409460	0	324411392	${NXF_WORK}/60/1873907c8660d594a271b036cfadfa
78	b2/ff7b60	RIBOFLOW:TRANSCRIPTOME_ALIGN:SPLIT_DEDUP_BAM	GSM8325911.1	RIBOFLOW:TRANSCRIPTOME_ALIGN:SPLIT_DEDUP_BAM (GSM8325911.1)	COMPLETED	0	1	1785385316394	1785385316487	1785385319522	3128	3068	4	8589934592	213.3	26603520	26603520	407248896	407248896	211890711	379552934	0	376578048	${NXF_WORK}/b2/ff7b6095fdf085eb8298acf3b35551
81	27/3094af	RIBOFLOW:TRANSCRIPTOME_STATS:TX_STATS_INDIVIDUAL	GSM8325911.1	RIBOFLOW:TRANSCRIPTOME_STATS:TX_STATS_INDIVIDUAL (GSM8325911.1)	COMPLETED	0	1	1785385320528	1785385320623	1785385320646	118	15	1	2147483648	85.9	0	0	0	0	192668	3613	0	4096	${NXF_WORK}/27/3094afb0ea99a8d39698457bedff08
79	67/53db2d	RIBOFLOW:TRANSCRIPTOME_ALIGN:TX_MERGED_DEDUP_BED	GSM8325907.null	RIBOFLOW:TRANSCRIPTOME_ALIGN:TX_MERGED_DEDUP_BED (GSM8325907.null)	COMPLETED	0	1	1785385318590	1785385318685	1785385321099	2509	2462	1	2147483648	106.2	26628096	26628096	175284224	242528256	126844817	391549039	0	391548928	${NXF_WORK}/67/53db2d88d65dc5deeac2816cdbf938
74	3e/d3f435	RIBOFLOW:RNASEQ_TRANSCRIPTOME_ALIGN:RNASEQ_TX_MERGED_QPASS_BED	GSM8325907.null	RIBOFLOW:RNASEQ_TRANSCRIPTOME_ALIGN:RNASEQ_TX_MERGED_QPASS_BED (GSM8325907.null)	COMPLETED	0	1	1785385312151	1785385312248	1785385321336	9185	9133	1	2147483648	105.7	26718208	26718208	175280128	242524160	321975536	959915626	0	959918080	${NXF_WORK}/3e/d3f4357621b1c8288107b5cce3768a
80	24/cac995	RIBOFLOW:TRANSCRIPTOME_ALIGN:SPLIT_DEDUP_BAM	GSM8325907.1	RIBOFLOW:TRANSCRIPTOME_ALIGN:SPLIT_DEDUP_BAM (GSM8325907.1)	COMPLETED	0	1	1785385318596	1785385318685	1785385322293	3697	3636	4	8589934592	219.7	30289920	30289920	492335104	492335104	249038893	455861924	0	452890624	${NXF_WORK}/24/cac9950bdfcbddc02fd581ba3ea482
85	32/c1b006	RIBOFLOW:TRANSCRIPTOME_STATS:TX_STATS_INDIVIDUAL	GSM8325907.1	RIBOFLOW:TRANSCRIPTOME_STATS:TX_STATS_INDIVIDUAL (GSM8325907.1)	COMPLETED	0	1	1785385323298	1785385323393	1785385323414	116	15	1	2147483648	129.7	0	0	0	0	192637	3615	0	4096	${NXF_WORK}/32/c1b006957ffe8870897aa3483c5230
89	50/696827	RIBOFLOW:TRANSCRIPTOME_STATS:TX_STATS_SUM	GSM8325907	RIBOFLOW:TRANSCRIPTOME_STATS:TX_STATS_SUM (GSM8325907)	COMPLETED	0	1	1785385324422	1785385324517	1785385324770	348	292	1	2147483648	100.3	31907840	31907840	226357248	226357248	22225641	1837	0	4096	${NXF_WORK}/50/6968271d45e118f16ceb8286104acc
88	a9/6ef66d	RIBOFLOW:TRANSCRIPTOME_STATS:TX_STATS_SUM	GSM8325911	RIBOFLOW:TRANSCRIPTOME_STATS:TX_STATS_SUM (GSM8325911)	COMPLETED	0	1	1785385324427	1785385324517	1785385324780	353	294	1	2147483648	99.5	33357824	33357824	235368448	235368448	22225642	1835	0	4096	${NXF_WORK}/a9/6ef66d64f754027fce2a1dd28a6dbd
87	ec/5f6822	RIBOFLOW:TRANSCRIPTOME_STATS:TX_STATS_SUM	GSM8325903	RIBOFLOW:TRANSCRIPTOME_STATS:TX_STATS_SUM (GSM8325903)	COMPLETED	0	1	1785385324431	1785385324517	1785385324797	366	309	1	2147483648	100.9	32129024	32129024	227405824	227405824	22225637	1833	0	4096	${NXF_WORK}/ec/5f68228a88b80ee13178ae2dfa082f
86	b5/5c2625	RIBOFLOW:TRANSCRIPTOME_STATS:TX_COMBINE_INDIVIDUAL	-	RIBOFLOW:TRANSCRIPTOME_STATS:TX_COMBINE_INDIVIDUAL	COMPLETED	0	1	1785385324418	1785385324516	1785385325070	652	591	1	2147483648	100.0	32878592	32878592	228659200	228659200	44366457	3187	0	8192	${NXF_WORK}/b5/5c262572e7f12defbda982ba75de94
90	67/0907d7	RIBOFLOW:TRANSCRIPTOME_STATS:TX_COMBINE_MERGED	-	RIBOFLOW:TRANSCRIPTOME_STATS:TX_COMBINE_MERGED	COMPLETED	0	1	1785385325073	1785385325170	1785385325689	616	561	1	2147483648	100.0	32075776	32075776	227405824	227405824	44366406	3145	0	8192	${NXF_WORK}/67/0907d7be4759df0e202080df114148
91	5f/8b39eb	RIBOFLOW:TRANSCRIPTOME_STATS:TX_STATS_PUBLISH	-	RIBOFLOW:TRANSCRIPTOME_STATS:TX_STATS_PUBLISH	COMPLETED	0	1	1785385326695	1785385326790	1785385326815	120	6	1	2147483648	144.6	0	0	0	0	97770	3396	0	8192	${NXF_WORK}/5f/8b39eb3b089532c5a96e3b6f563b93
82	e6/cfd3b8	RIBOFLOW:TRANSCRIPTOME_ALIGN:RIBOPY_CREATE	GSM8325903	RIBOFLOW:TRANSCRIPTOME_ALIGN:RIBOPY_CREATE (GSM8325903)	COMPLETED	0	1	1785385321343	1785385321436	1785385427913	106570	106514	4	17179869184	268.6	8999108608	9713037312	11887415296	13441339392	5177294097	4960971520	0	361443328	${NXF_WORK}/e6/cfd3b891339d1b804f9dfe54d8bb93
83	86/98db6b	RIBOFLOW:TRANSCRIPTOME_ALIGN:RIBOPY_CREATE	GSM8325911	RIBOFLOW:TRANSCRIPTOME_ALIGN:RIBOPY_CREATE (GSM8325911)	COMPLETED	0	1	1785385321346	1785385321436	1785385430659	109313	109257	4	17179869184	266.7	8997761024	9479794688	11313283072	13158854656	5623011894	5259943011	0	660418560	${NXF_WORK}/86/98db6b44020dc60e52198e2f72d682
84	cf/2124c0	RIBOFLOW:TRANSCRIPTOME_ALIGN:RIBOPY_CREATE	GSM8325907	RIBOFLOW:TRANSCRIPTOME_ALIGN:RIBOPY_CREATE (GSM8325907)	COMPLETED	0	1	1785385321339	1785385321435	1785385431077	109738	109682	4	17179869184	265.8	8997765120	9493684224	11326939136	13173559296	5824430622	5394918942	0	795402240	${NXF_WORK}/cf/2124c088e613b8cb12861a19869893
92	85/d4807e	RIBOFLOW:RIBOPY_RNASEQ_SET	GSM8325903	RIBOFLOW:RIBOPY_RNASEQ_SET (GSM8325903)	COMPLETED	0	1	1785385428918	1785385429014	1785385439226	10308	10251	4	4294967296	102.8	306368512	306368512	952803328	952803328	1073285703	524490598	0	524488704	${NXF_WORK}/85/d4807e7dc9c1f3a3b111f2fd9d11c0
93	55/09f8e8	RIBOFLOW:RIBOPY_RNASEQ_SET	GSM8325911	RIBOFLOW:RIBOPY_RNASEQ_SET (GSM8325911)	COMPLETED	0	1	1785385431081	1785385431177	1785385443900	12819	12763	4	4294967296	102.2	301125632	301125632	947392512	947392512	1376892346	677210923	0	677224448	${NXF_WORK}/55/09f8e8abfbc329c7ddece94309567a
94	75/ea4cce	RIBOFLOW:RIBOPY_RNASEQ_SET	GSM8325907	RIBOFLOW:RIBOPY_RNASEQ_SET (GSM8325907)	COMPLETED	0	1	1785385431084	1785385431178	1785385448806	17722	17666	4	4294967296	101.7	301383680	301383680	947392512	947392512	1966206864	972223664	0	972242944	${NXF_WORK}/75/ea4cce5166e93e7502299f50c2b59f
22	6d/83ff6a	RIBOFLOW:GENOME_ALIGN:STAR_ALIGN	GSM8325903.1	RIBOFLOW:GENOME_ALIGN:STAR_ALIGN (GSM8325903.1)	COMPLETED	0	1	1785385448811	1785385448906	1785385507140	58329	58253	16	51539607552	378.0	31390769152	31438467072	32619335680	32717336576	31419961835	1645075060	0	1257021440	${NXF_WORK}/6d/83ff6a1e5d2d3030687af769c3a9a0
34	cb/bbd8fe	RIBOFLOW:GENOME_ALIGN:STAR_ALIGN	GSM8325911.1	RIBOFLOW:GENOME_ALIGN:STAR_ALIGN (GSM8325911.1)	COMPLETED	0	1	1785385507144	1785385507240	1785385598852	91708	91635	16	51539607552	429.7	31702941696	31745531904	32894570496	32992571392	33223031828	3001010756	0	2283786240	${NXF_WORK}/cb/bbd8fe9a5f783ec4ca909ac3d6839e
40	d8/182698	RIBOFLOW:RNASEQ_GENOME_ALIGN:STAR_ALIGN_RNASEQ	GSM8325907.1	RIBOFLOW:RNASEQ_GENOME_ALIGN:STAR_ALIGN_RNASEQ (GSM8325907.1)	COMPLETED	0	1	1785385598857	1785385598952	1785385714168	115311	115245	16	51539607552	404.1	32160993280	32299180032	33373392896	33391415296	41915778556	8366435137	0	5051760640	${NXF_WORK}/d8/182698d6b8b7def7bae308610d0b73
41	39/1738b0	RIBOFLOW:RNASEQ_GENOME_ALIGN:STAR_ALIGN_RNASEQ	GSM8325903.1	RIBOFLOW:RNASEQ_GENOME_ALIGN:STAR_ALIGN_RNASEQ (GSM8325903.1)	COMPLETED	0	1	1785385714173	1785385714268	1785385789622	75449	75378	16	51539607552	342.9	32162095104	32233111552	33373392896	33391415296	35979912458	4456059832	0	2709106688	${NXF_WORK}/39/1738b0b9c004a277ebc06da301454b
39	12/16f734	RIBOFLOW:RNASEQ_GENOME_ALIGN:STAR_ALIGN_RNASEQ	GSM8325911.1	RIBOFLOW:RNASEQ_GENOME_ALIGN:STAR_ALIGN_RNASEQ (GSM8325911.1)	COMPLETED	0	1	1785385789626	1785385789722	1785385874717	85091	85022	16	51539607552	361.7	32204500992	32253751296	33325580288	33422401536	37632644964	5543821826	0	3350999040	${NXF_WORK}/12/16f734c7cd8681f7cde09023b084fc
42	36/15ae13	RIBOFLOW:GENOME_ALIGN:STAR_ALIGN	GSM8325907.1	RIBOFLOW:GENOME_ALIGN:STAR_ALIGN (GSM8325907.1)	COMPLETED	0	1	1785385874720	1785385874817	1785385969929	95209	95133	16	51539607552	458.1	31702552576	31745736704	32894570496	32992571392	33639336894	3298934010	0	2497433600	${NXF_WORK}/36/15ae13c748b3e8fc43c30e6ffc0dfd
95	bc/76bca0	RIBOFLOW:RIBOPY_MERGE	all	RIBOFLOW:RIBOPY_MERGE (all)	COMPLETED	0	1	1785385969933	1785385970029	1785385970975	1042	987	4	4294967296	123.0	30732288	30732288	653967360	653967360	68466546	31361838	0	31358976	${NXF_WORK}/bc/76bca04b17e2860ceccc7a450037a0
96	3e/b9f8b6	RIBOFLOW:GENOME_ALIGN:SAMTOOLS_QPASS	GSM8325903.1	RIBOFLOW:GENOME_ALIGN:SAMTOOLS_QPASS (GSM8325903.1)	COMPLETED	0	1	1785385969937	1785385970030	1785385971515	1578	1513	4	8589934592	308.1	11972608	11972608	475918336	542105600	317034985	42498227	0	42545152	${NXF_WORK}/3e/b9f8b62db03a5be6b96a791f3f0ca7
100	7b/5b7f0e	RIBOFLOW:GENOME_ALIGN:SAMTOOLS_QPASS	GSM8325911.1	RIBOFLOW:GENOME_ALIGN:SAMTOOLS_QPASS (GSM8325911.1)	COMPLETED	0	1	1785385969941	1785385970030	1785385972566	2625	2563	4	8589934592	332.1	12013568	12013568	475918336	542105600	572132559	75488215	0	75558912	${NXF_WORK}/7b/5b7f0ec61db505419e6611f8a17932
105	58/449b44	RIBOFLOW:GENOME_ALIGN:SAMTOOLS_QPASS	GSM8325907.1	RIBOFLOW:GENOME_ALIGN:SAMTOOLS_QPASS (GSM8325907.1)	COMPLETED	0	1	1785385972568	1785385972667	1785385975750	3182	3120	4	8589934592	319.0	17338368	17338368	475918336	543027200	656109575	87506826	0	87584768	${NXF_WORK}/58/449b44a73efbb324ce31282892949f
108	53/751882	RIBOFLOW:GENOME_ALIGN:BAM_TO_BED	GSM8325903.1	RIBOFLOW:GENOME_ALIGN:BAM_TO_BED (GSM8325903.1)	COMPLETED	0	1	1785385975753	1785385975851	1785385977411	1658	1609	1	2147483648	98.1	10285056	10285056	169005056	169140224	80714398	81283306	0	81285120	${NXF_WORK}/53/7518824a0d863b984abbd2d0565d12
103	fa/8d0623	RIBOFLOW:RNASEQ_GENOME_ALIGN:SAMTOOLS_QPASS	GSM8325903.1	RIBOFLOW:RNASEQ_GENOME_ALIGN:SAMTOOLS_QPASS (GSM8325903.1)	COMPLETED	0	1	1785385970979	1785385971074	1785385978036	7057	6990	4	8589934592	341.0	11976704	11976704	475918336	542105600	1166524495	189349171	0	189579264	${NXF_WORK}/fa/8d0623d9e07c2752460dbad68df40c
109	85/adfb12	RIBOFLOW:GENOME_ALIGN:BAM_TO_BED	GSM8325911.1	RIBOFLOW:GENOME_ALIGN:BAM_TO_BED (GSM8325911.1)	COMPLETED	0	1	1785385975756	1785385975851	1785385978634	2878	2830	1	2147483648	100.8	10379264	10379264	169005056	236249088	145764694	151832071	0	151830528	${NXF_WORK}/85/adfb12bfd365d6956d9def473dee5b
115	a2/efeee6	RIBOFLOW:RNASEQ_GENOME_STATS:RNASEQ_GENOME_STATS_INDIVIDUAL	GSM8325903.1	RIBOFLOW:RNASEQ_GENOME_STATS:RNASEQ_GENOME_STATS_INDIVIDUAL (GSM8325903.1)	COMPLETED	0	1	1785385978641	1785385978735	1785385979021	380	306	1	2147483648	99.2	45019136	45019136	247943168	247992320	22851566	5576	0	4096	${NXF_WORK}/a2/efeee6cf25f13ca22c2aa781824ba2
110	c0/0064d2	RIBOFLOW:GENOME_ALIGN:BAM_TO_BED	GSM8325907.1	RIBOFLOW:GENOME_ALIGN:BAM_TO_BED (GSM8325907.1)	COMPLETED	0	1	1785385975760	1785385975851	1785385979218	3458	3374	1	2147483648	100.2	10289152	10289152	169005056	236249088	170014781	180143961	0	180146176	${NXF_WORK}/c0/0064d260d940bb9d8f95b48be12706
113	32/0ac30b	RIBOFLOW:GENOME_ALIGN:SAMTOOLS_MERGE	GSM8325907	RIBOFLOW:GENOME_ALIGN:SAMTOOLS_MERGE (GSM8325907)	COMPLETED	0	1	1785385978040	1785385978136	1785385979829	1789	1733	4	8589934592	382.8	15101952	15101952	402178048	402178048	170006769	87504380	0	87568384	${NXF_WORK}/32/0ac30be25d6b5b468491da9e36a714
104	70/6926f3	RIBOFLOW:RNASEQ_GENOME_ALIGN:SAMTOOLS_QPASS	GSM8325911.1	RIBOFLOW:RNASEQ_GENOME_ALIGN:SAMTOOLS_QPASS (GSM8325911.1)	COMPLETED	0	1	1785385971518	1785385971615	1785385980194	8676	8613	4	8589934592	335.3	12001280	12001280	475918336	475918336	1389163178	225145417	0	225431552	${NXF_WORK}/70/6926f346c806977f8556610bee7380
111	0a/ff5302	RIBOFLOW:GENOME_ALIGN:SAMTOOLS_MERGE	GSM8325903	RIBOFLOW:GENOME_ALIGN:SAMTOOLS_MERGE (GSM8325903)	COMPLETED	0	1	1785385980198	1785385980294	1785385981122	924	874	4	8589934592	348.1	15106048	15106048	402178048	467443712	80707202	42496580	0	42528768	${NXF_WORK}/0a/ff53020b90268569a460efac08b39a
112	e1/8766f7	RIBOFLOW:GENOME_ALIGN:SAMTOOLS_MERGE	GSM8325911	RIBOFLOW:GENOME_ALIGN:SAMTOOLS_MERGE (GSM8325911)	COMPLETED	0	1	1785385979832	1785385979929	1785385981516	1684	1636	4	8589934592	345.7	15069184	15069184	402178048	469286912	145756745	75485855	0	75542528	${NXF_WORK}/e1/8766f76dfb3c1255d4874b436949d1
118	78/975dc3	RIBOFLOW:RNASEQ_GENOME_STATS:RNASEQ_GENOME_STATS_INDIVIDUAL	GSM8325911.1	RIBOFLOW:RNASEQ_GENOME_STATS:RNASEQ_GENOME_STATS_INDIVIDUAL (GSM8325911.1)	COMPLETED	0	1	1785385981129	1785385981224	1785385981518	389	320	1	2147483648	98.1	43831296	43831296	247582720	247631872	22851569	5577	0	4096	${NXF_WORK}/78/975dc31083b95d164b2294a715263a
102	42/41cc57	RIBOFLOW:RNASEQ_GENOME_ALIGN:SAMTOOLS_QPASS	GSM8325907.1	RIBOFLOW:RNASEQ_GENOME_ALIGN:SAMTOOLS_QPASS (GSM8325907.1)	COMPLETED	0	1	1785385969945	1785385970030	1785385982474	12529	12467	4	8589934592	351.4	12099584	12099584	475918336	541184000	2059220531	332525480	0	332951552	${NXF_WORK}/42/41cc5761d54ea6301a169c7ed7b122
125	7f/f20ebf	RIBOFLOW:RNASEQ_GENOME_STATS:RNASEQ_GENOME_STATS_INDIVIDUAL	GSM8325907.1	RIBOFLOW:RNASEQ_GENOME_STATS:RNASEQ_GENOME_STATS_INDIVIDUAL (GSM8325907.1)	COMPLETED	0	1	1785385983485	1785385983574	1785385983874	389	314	1	2147483648	98.7	53977088	53977088	260018176	260067328	22851574	5583	0	4096	${NXF_WORK}/7f/f20ebfb12126eacaccc462bffabb0f
126	52/094f2a	RIBOFLOW:RNASEQ_GENOME_STATS:RNASEQ_GENOME_COMBINE_INDIVIDUAL	-	RIBOFLOW:RNASEQ_GENOME_STATS:RNASEQ_GENOME_COMBINE_INDIVIDUAL	COMPLETED	0	1	1785385984880	1785385984978	1785385985584	704	642	1	2147483648	95.5	41230336	41230336	238235648	238235648	44367113	3154	0	8192	${NXF_WORK}/52/094f2a76e3612ed9f02e5316c8c288
127	70/f07900	RIBOFLOW:RNASEQ_GENOME_STATS:RNASEQ_GENOME_STATS_SUM	GSM8325903	RIBOFLOW:RNASEQ_GENOME_STATS:RNASEQ_GENOME_STATS_SUM (GSM8325903)	COMPLETED	0	1	1785385985591	1785385985684	1785385985955	364	305	1	2147483648	99.4	33148928	33148928	228941824	228941824	22225795	1984	0	4096	${NXF_WORK}/70/f0790023553a91f53d0c40173a5632
128	fe/db8101	RIBOFLOW:RNASEQ_GENOME_STATS:RNASEQ_GENOME_STATS_SUM	GSM8325911	RIBOFLOW:RNASEQ_GENOME_STATS:RNASEQ_GENOME_STATS_SUM (GSM8325911)	COMPLETED	0	1	1785385985958	1785385986055	1785385986294	336	279	1	2147483648	97.3	32899072	32899072	228659200	228659200	22225794	1984	0	4096	${NXF_WORK}/fe/db810102c24a1113c1cb61aac2917f
129	bb/e10ef0	RIBOFLOW:RNASEQ_GENOME_STATS:RNASEQ_GENOME_STATS_SUM	GSM8325907	RIBOFLOW:RNASEQ_GENOME_STATS:RNASEQ_GENOME_STATS_SUM (GSM8325907)	COMPLETED	0	1	1785385986297	1785385986396	1785385986728	431	364	1	2147483648	79.4	41545728	41545728	238235648	238235648	22225800	1988	0	4096	${NXF_WORK}/bb/e10ef0f8489fa0d9e0ee0a794c9926
114	77/908eff	RIBOFLOW:RNASEQ_GENOME_ALIGN:BAM_TO_BED	GSM8325903.1	RIBOFLOW:RNASEQ_GENOME_ALIGN:BAM_TO_BED (GSM8325903.1)	COMPLETED	0	1	1785385978638	1785385978734	1785385987910	9272	9224	1	2147483648	95.7	10264576	10264576	169005056	236249088	375181648	243441814	0	243441664	${NXF_WORK}/77/908eff0728e02a1bd32c88cd9648fb
130	9f/5a1741	RIBOFLOW:RNASEQ_GENOME_STATS:RNASEQ_GENOME_COMBINE_MERGED	-	RIBOFLOW:RNASEQ_GENOME_STATS:RNASEQ_GENOME_COMBINE_MERGED	COMPLETED	0	1	1785385987731	1785385987831	1785385988393	662	609	1	2147483648	97.3	33148928	33148928	228941824	228941824	44367057	3112	0	8192	${NXF_WORK}/9f/5a17416eb7a891aca587bbcc19ac2c
131	6e/2d7fec	RIBOFLOW:RNASEQ_GENOME_STATS:RNASEQ_GENOME_STATS_PUBLISH	-	RIBOFLOW:RNASEQ_GENOME_STATS:RNASEQ_GENOME_STATS_PUBLISH	COMPLETED	0	1	1785385989396	1785385989493	1785385989502	106	6	1	2147483648	148.0	0	0	0	0	97291	2916	0	8192	${NXF_WORK}/6e/2d7fec78d1155c98ca111a61601464
117	2c/3dbf00	RIBOFLOW:RNASEQ_GENOME_ALIGN:BAM_TO_BED	GSM8325911.1	RIBOFLOW:RNASEQ_GENOME_ALIGN:BAM_TO_BED (GSM8325911.1)	COMPLETED	0	1	1785385981127	1785385981224	1785385992327	11200	11152	1	2147483648	101.0	10248192	10248192	169005056	236249088	446733133	306634261	0	306634752	${NXF_WORK}/2c/3dbf00dc8acb752eea4185cb6d1f7d
119	e6/58afd5	RIBOFLOW:GENOME_ALIGN:UMICOLLAPSE_DEDUP	GSM8325903	RIBOFLOW:GENOME_ALIGN:UMICOLLAPSE_DEDUP (GSM8325903)	COMPLETED	0	1	1785385981519	1785385981618	1785385992716	11197	11136	4	8589934592	196.1	1535655936	1642962944	17864642560	17864642560	347654595	104635663	0	104710144	${NXF_WORK}/e6/58afd583115d860af667933f567cb9
123	e9/9d4476	RIBOFLOW:RNASEQ_GENOME_ALIGN:SAMTOOLS_MERGE	GSM8325911	RIBOFLOW:RNASEQ_GENOME_ALIGN:SAMTOOLS_MERGE (GSM8325911)	COMPLETED	0	1	1785385992718	1785385992816	1785385998342	5624	5573	4	8589934592	391.2	18022400	18022400	406306816	406306816	446715575	225133426	0	225406976	${NXF_WORK}/e9/9d4476939b91bffb0f1717df6529dc
121	5c/b48a8c	RIBOFLOW:RNASEQ_GENOME_ALIGN:BAM_TO_BED	GSM8325907.1	RIBOFLOW:RNASEQ_GENOME_ALIGN:BAM_TO_BED (GSM8325907.1)	COMPLETED	0	1	1785385982481	1785385982574	1785385998432	15951	15901	1	2147483648	102.3	10289152	10289152	169005056	236249088	661311388	463757927	0	463757312	${NXF_WORK}/5c/b48a8c59b4257a3f1d9ae5fe1c07d9
120	c3/40fbd4	RIBOFLOW:GENOME_ALIGN:UMICOLLAPSE_DEDUP	GSM8325911	RIBOFLOW:GENOME_ALIGN:UMICOLLAPSE_DEDUP (GSM8325911)	COMPLETED	0	1	1785385982476	1785385982573	1785386001584	19108	19039	4	8589934592	174.1	1959563264	1986281472	17998860288	17998860288	624848757	187478886	4096	187547648	${NXF_WORK}/c3/40fbd4463e64ced67d9bf1b16deaae
122	37/d23bb7	RIBOFLOW:RNASEQ_GENOME_ALIGN:SAMTOOLS_MERGE	GSM8325903	RIBOFLOW:RNASEQ_GENOME_ALIGN:SAMTOOLS_MERGE (GSM8325903)	COMPLETED	0	1	1785385998434	1785385998532	1785386003161	4727	4675	4	8589934592	377.5	15048704	15048704	402178048	402178048	375168488	189341576	0	189554688	${NXF_WORK}/37/d23bb778db7a59de6727387b7fe36a
116	f8/1c8d90	RIBOFLOW:GENOME_ALIGN:UMICOLLAPSE_DEDUP	GSM8325907	RIBOFLOW:GENOME_ALIGN:UMICOLLAPSE_DEDUP (GSM8325907)	COMPLETED	0	1	1785385981125	1785385981223	1785386003546	22421	22357	4	8589934592	173.5	2624536576	2639663104	17998860288	18065969152	730439439	219263788	0	219348992	${NXF_WORK}/f8/1c8d90362901514c5cc11b77afbb63
134	c2/dac2b4	RIBOFLOW:GENOME_ALIGN:SPLIT_DEDUP_BAM	GSM8325903.1	RIBOFLOW:GENOME_ALIGN:SPLIT_DEDUP_BAM (GSM8325903.1)	COMPLETED	0	1	1785386001587	1785386001684	1785386003961	2374	2302	4	8589934592	224.4	11943936	11943936	475914240	541179904	273922179	115694788	0	115732480	${NXF_WORK}/c2/dac2b40357fc3017937f13ce7f6131
146	e2/b41836	RIBOFLOW:ALIGNMENT_STATS:STATS_INDIVIDUAL	GSM8325903.1	RIBOFLOW:ALIGNMENT_STATS:STATS_INDIVIDUAL (GSM8325903.1)	COMPLETED	0	1	1785386003975	1785386004062	1785386004374	399	312	1	2147483648	99.2	54255616	54255616	260005888	260055040	22856356	5553	0	4096	${NXF_WORK}/e2/b41836638a35a121169e239d95c877
124	54/418864	RIBOFLOW:RNASEQ_GENOME_ALIGN:SAMTOOLS_MERGE	GSM8325907	RIBOFLOW:RNASEQ_GENOME_ALIGN:SAMTOOLS_MERGE (GSM8325907)	COMPLETED	0	1	1785385998346	1785385998432	1785386007165	8819	8749	4	8589934592	375.5	15036416	15036416	402178048	402178048	661289346	332509006	0	332918784	${NXF_WORK}/54/41886493d4c91fcbd03fa3a036dd65
141	64/a2d172	RIBOFLOW:GENOME_ALIGN:SPLIT_DEDUP_BAM	GSM8325911.1	RIBOFLOW:GENOME_ALIGN:SPLIT_DEDUP_BAM (GSM8325911.1)	COMPLETED	0	1	1785386003549	1785386003646	1785386008129	4580	4514	4	8589934592	211.2	12165120	12165120	475914240	541179904	492155694	211106394	0	211165184	${NXF_WORK}/64/a2d1726882d0053462cd9ea830220c
148	59/d0a7a6	RIBOFLOW:ALIGNMENT_STATS:STATS_INDIVIDUAL	GSM8325911.1	RIBOFLOW:ALIGNMENT_STATS:STATS_INDIVIDUAL (GSM8325911.1)	COMPLETED	0	1	1785386008142	1785386008229	1785386008510	368	297	1	2147483648	101.4	43814912	43814912	247443456	247492608	22856496	5559	0	4096	${NXF_WORK}/59/d0a7a6e5a2294fde6230d2a3f1c757
145	82/7210e5	RIBOFLOW:GENOME_ALIGN:SPLIT_DEDUP_BAM	GSM8325907.1	RIBOFLOW:GENOME_ALIGN:SPLIT_DEDUP_BAM (GSM8325907.1)	COMPLETED	0	1	1785386003963	1785386004061	1785386009088	5125	5053	4	8589934592	220.6	12132352	12132352	475914240	542101504	574863460	249276536	0	249348096	${NXF_WORK}/82/7210e54519649d6c5f4960beb9215c
149	c3/1ceae7	RIBOFLOW:ALIGNMENT_STATS:STATS_INDIVIDUAL	GSM8325907.1	RIBOFLOW:ALIGNMENT_STATS:STATS_INDIVIDUAL (GSM8325907.1)	COMPLETED	0	1	1785386009100	1785386009189	1785386009471	371	302	1	2147483648	100.4	45006848	45006848	249176064	249225216	22856467	5561	0	4096	${NXF_WORK}/c3/1ceae711c6f7526b11ac252544b9c6
136	cb/d550ae	RIBOFLOW:RNASEQ_GENOME_ALIGN:RNASEQ_CONCAT_QPASS_BED_NONE	GSM8325903	RIBOFLOW:RNASEQ_GENOME_ALIGN:RNASEQ_CONCAT_QPASS_BED_NONE (GSM8325903)	COMPLETED	0	1	1785386003166	1785386003262	1785386010080	6914	6863	1	2147483648	100.3	17969152	17969152	44658688	44658688	957232748	957139210	0	713830400	${NXF_WORK}/cb/d550ae033a924e344fab91dcda85bf
153	cc/aeadff	RIBOFLOW:ALIGNMENT_STATS:COMBINE_INDIVIDUAL	-	RIBOFLOW:ALIGNMENT_STATS:COMBINE_INDIVIDUAL	COMPLETED	0	1	1785386009478	1785386009571	1785386010112	634	583	1	2147483648	100.1	43028480	43028480	240742400	240742400	44367077	3140	0	8192	${NXF_WORK}/cc/aeadff6a4507ce0b1cf4dfa8ee71ec
154	bc/408a9b	RIBOFLOW:ALIGNMENT_STATS:STATS_SUM	GSM8325903	RIBOFLOW:ALIGNMENT_STATS:STATS_SUM (GSM8325903)	COMPLETED	0	1	1785386009488	1785386009574	1785386010149	661	606	1	2147483648	99.6	42057728	42057728	239591424	239591424	44264189	2713	0	8192	${NXF_WORK}/bc/408a9befb066e9df435a1d1d56ddf7
155	26/c6cf2b	RIBOFLOW:ALIGNMENT_STATS:STATS_SUM	GSM8325911	RIBOFLOW:ALIGNMENT_STATS:STATS_SUM (GSM8325911)	COMPLETED	0	1	1785386009486	1785386009574	1785386010154	668	613	1	2147483648	100.0	40636416	40636416	238137344	238137344	44264202	2721	0	8192	${NXF_WORK}/26/c6cf2bf2345e567efb739ded37594e
156	34/a51fff	RIBOFLOW:ALIGNMENT_STATS:STATS_SUM	GSM8325907	RIBOFLOW:ALIGNMENT_STATS:STATS_SUM (GSM8325907)	COMPLETED	0	1	1785386009483	1785386009574	1785386010155	672	615	1	2147483648	99.7	43008000	43008000	243970048	244011008	44264196	2721	0	8192	${NXF_WORK}/34/a51fff5efae67dd731bb12e63b3f6d
150	43/ba18d2	RIBOFLOW:GENOME_ALIGN:CONCAT_POST_DEDUP_BED	GSM8325903	RIBOFLOW:GENOME_ALIGN:CONCAT_POST_DEDUP_BED (GSM8325903)	COMPLETED	0	1	1785386009104	1785386009190	1785386010575	1471	1421	1	2147483648	101.0	18018304	18018304	44658688	44658688	224036042	223942511	0	149319680	${NXF_WORK}/43/ba18d2f4571913a84fc556e7dd2cea
157	c3/7ea43b	RIBOFLOW:ALIGNMENT_STATS:COMBINE_MERGED	-	RIBOFLOW:ALIGNMENT_STATS:COMBINE_MERGED	COMPLETED	0	1	1785386010161	1785386010254	1785386010770	609	557	1	2147483648	99.2	31080448	31080448	225828864	225828864	44367076	3096	0	8192	${NXF_WORK}/c3/7ea43b1c618eb78716075e1fe81d66
158	3b/7a4fc8	RIBOFLOW:ALIGNMENT_STATS:STATS_PUBLISH	-	RIBOFLOW:ALIGNMENT_STATS:STATS_PUBLISH	COMPLETED	0	1	1785386010777	1785386010870	1785386010884	107	5	1	2147483648	158.0	0	0	0	0	97303	2930	0	8192	${NXF_WORK}/3b/7a4fc859b0e0aa4bca0781cc5355a3
151	03/1630e3	RIBOFLOW:GENOME_ALIGN:CONCAT_POST_DEDUP_BED	GSM8325911	RIBOFLOW:GENOME_ALIGN:CONCAT_POST_DEDUP_BED (GSM8325911)	COMPLETED	0	1	1785386009102	1785386009189	1785386012132	3030	2981	1	2147483648	101.1	18542592	18542592	44658688	44658688	505469649	505376114	0	366796800	${NXF_WORK}/03/1630e334fe35dcdbee94acdcbf9e16
137	7a/2dbd38	RIBOFLOW:RNASEQ_GENOME_ALIGN:RNASEQ_CONCAT_QPASS_BED_NONE	GSM8325911	RIBOFLOW:RNASEQ_GENOME_ALIGN:RNASEQ_CONCAT_QPASS_BED_NONE (GSM8325911)	COMPLETED	0	1	1785386003164	1785386003261	1785386012261	9097	9042	1	2147483648	100.5	18292736	18292736	44658688	44658688	1221243518	1221149980	0	914661376	${NXF_WORK}/7a/2dbd386a54a670b11318080a15e364
152	23/86dd9c	RIBOFLOW:GENOME_ALIGN:CONCAT_POST_DEDUP_BED	GSM8325907	RIBOFLOW:GENOME_ALIGN:CONCAT_POST_DEDUP_BED (GSM8325907)	COMPLETED	0	1	1785386009098	1785386009189	1785386012667	3569	3516	1	2147483648	101.1	18477056	18477056	44658688	44658688	585062694	584969164	0	419844096	${NXF_WORK}/23/86dd9c2e08097b31c00100572fbe51
138	0d/68f7a5	RIBOFLOW:RNASEQ_GENOME_ALIGN:RNASEQ_CONCAT_QPASS_BED_NONE	GSM8325907	RIBOFLOW:RNASEQ_GENOME_ALIGN:RNASEQ_CONCAT_QPASS_BED_NONE (GSM8325907)	COMPLETED	0	1	1785386003169	1785386003262	1785386016866	13697	13643	1	2147483648	100.6	18264064	18264064	44658688	44658688	1844168340	1844074802	0	1380515840	${NXF_WORK}/0d/68f7a5e7d80c26f2b48468162611e9
